0.000000000000000000e+00 3.855900000000000000e+04
1.000000000000000056e-01 3.855900000000000000e+04
2.000000000000000111e-01 3.855900000000000000e+04
2.999999999999999889e-01 3.855600000000000000e+04
4.000000000000000222e-01 3.855600000000000000e+04
5.000000000000000000e-01 3.855300000000000000e+04
5.999999999999999778e-01 3.848400000000000000e+04
6.999999999999999556e-01 3.833000000000000000e+04
8.000000000000000444e-01 3.833000000000000000e+04
9.000000000000000222e-01 3.794600000000000000e+04
1.000000000000000000e+00 3.724800000000000000e+04
1.100000000000000089e+00 3.614800000000000000e+04
1.199999999999999956e+00 3.294700000000000000e+04
1.300000000000000044e+00 3.294700000000000000e+04
1.399999999999999911e+00 2.856600000000000000e+04
1.500000000000000000e+00 2.856600000000000000e+04
1.600000000000000089e+00 2.611800000000000000e+04
1.699999999999999956e+00 2.095200000000000000e+04
1.800000000000000044e+00 2.095200000000000000e+04
1.899999999999999911e+00 1.629200000000000000e+04
2.000000000000000000e+00 1.629200000000000000e+04
2.100000000000000089e+00 1.398800000000000000e+04
2.200000000000000178e+00 1.207300000000000000e+04
2.299999999999999822e+00 9.019000000000000000e+03
2.399999999999999911e+00 7.686000000000000000e+03
2.500000000000000000e+00 7.686000000000000000e+03
2.600000000000000089e+00 6.563000000000000000e+03
2.700000000000000178e+00 5.619000000000000000e+03
2.799999999999999822e+00 3.998000000000000000e+03
2.899999999999999911e+00 3.385000000000000000e+03
3.000000000000000000e+00 3.385000000000000000e+03
3.100000000000000089e+00 2.829000000000000000e+03
3.200000000000000178e+00 2.322000000000000000e+03
3.299999999999999822e+00 1.663000000000000000e+03
3.399999999999999911e+00 1.410000000000000000e+03
3.500000000000000000e+00 1.410000000000000000e+03
3.600000000000000089e+00 1.172000000000000000e+03
3.700000000000000178e+00 9.770000000000000000e+02
3.799999999999999822e+00 6.330000000000000000e+02
3.899999999999999911e+00 4.920000000000000000e+02
4.000000000000000000e+00 4.920000000000000000e+02
4.099999999999999645e+00 2.740000000000000000e+02
4.200000000000000178e+00 2.740000000000000000e+02
4.299999999999999822e+00 2.140000000000000000e+02
4.400000000000000355e+00 1.730000000000000000e+02
4.500000000000000000e+00 1.340000000000000000e+02
4.599999999999999645e+00 7.500000000000000000e+01
4.700000000000000178e+00 7.500000000000000000e+01
4.799999999999999822e+00 3.800000000000000000e+01
4.900000000000000355e+00 3.800000000000000000e+01
5.000000000000000000e+00 3.100000000000000000e+01
5.099999999999999645e+00 1.300000000000000000e+01
5.200000000000000178e+00 1.300000000000000000e+01
5.299999999999999822e+00 5.000000000000000000e+00
5.400000000000000355e+00 5.000000000000000000e+00
5.500000000000000000e+00 4.000000000000000000e+00
5.599999999999999645e+00 2.000000000000000000e+00
5.700000000000000178e+00 2.000000000000000000e+00
5.799999999999999822e+00 1.000000000000000000e+00
5.900000000000000355e+00 1.000000000000000000e+00
6.000000000000000000e+00 1.000000000000000000e+00
6.099999999999999645e+00 1.000000000000000000e+00
6.200000000000000178e+00 1.000000000000000000e+00
6.299999999999999822e+00 1.000000000000000000e+00
