31.27107 7.02000 0.10236
-27.31392 12.43000 0.08039
-63.39796 6.10000 0.07643
-39.80514 6.77000 0.06892
-50.74440 7.18000 0.10722
92.76173 6.98000 0.10236
-23.05614 7.00000 0.09766
59.21555 7.43000 0.10236
-95.52019 6.80000 0.10236
-111.55444 6.75000 0.08872
104.42859 7.20000 0.11745
-87.21137 6.97000 0.08039
35.18726 14.34000 0.10722
36.91171 7.04000 0.15259
-16.90740 6.12000 0.10236
53.06069 7.00000 0.08448
89.99628 11.15000 0.17294
30.24148 0.43000 0.12839
75.51775 7.15000 0.06535
43.17110 7.00000 0.09766
-41.53684 7.00000 0.07643
-50.86828 6.95000 0.09311
-46.20746 6.82000 0.07261
-54.06093 7.00000 0.12839
22.71750 7.00000 0.08872
162.96628 7.00000 0.12283
81.90034 6.98000 0.06892
-77.50918 10.53000 0.12283
-29.01509 5.12000 0.10236
47.88950 2.27000 0.07261
66.37269 7.00000 0.08448
-42.51269 7.04000 0.08448
114.17941 7.03000 0.07261
115.20467 10.02000 0.10236
32.25085 6.90000 0.07643
81.36588 7.03000 0.10236
-32.79878 8.38000 0.09766
79.68344 7.07000 0.08872
80.88885 7.04000 0.08448
79.78944 7.00000 0.06535
8.92619 7.06000 0.08039
110.47852 6.96000 0.06191
-54.96387 7.47000 0.06892
-23.65162 8.99000 0.12283
84.67182 4.31000 0.12283
109.37313 6.18000 0.06535
106.85918 7.00000 0.08872
137.28095 7.06000 0.09311
66.65381 7.00000 0.06892
94.85804 7.00000 0.08039
-43.45902 7.01000 0.07643
-11.83026 7.00000 0.06191
130.91870 6.99000 0.10236
76.23413 7.00000 0.08039
93.78243 6.99000 0.06191
-34.83223 7.00000 0.06191
38.97255 7.37000 0.08039
-44.35828 5.96000 0.18766
4.07333 6.96000 0.10236
96.19702 5.70000 0.14009
-32.66693 7.00000 0.06191
-63.43117 7.00000 0.08039
-24.05512 6.78000 0.09766
-39.49239 6.83000 0.08039
-24.71253 7.05000 0.08872
29.00461 7.00000 0.07261
-84.99803 6.35000 0.07643
-79.56313 6.98000 0.10236
-18.41310 4.65000 0.09311
43.25936 11.49000 0.08872
-2.80900 6.99000 0.08039
34.26433 7.08000 0.08039
115.10647 6.96000 0.07643
-5.26294 7.00000 0.08448
-53.25597 10.22000 0.07261
48.90916 7.00000 0.06892
86.99771 7.01000 0.09766
-13.56446 12.68000 0.06191
-29.16316 8.54000 0.06535
-22.02271 9.18000 0.09311
-19.23964 7.00000 0.07261
-61.55827 7.04000 0.06191
-127.47375 7.20000 0.06535
-124.47277 7.14000 0.06892
42.75955 12.12000 0.07643
-62.91359 26.67000 0.07643
-23.48049 7.58000 0.09766
50.32315 7.08000 0.07261
112.92225 6.98000 0.08448
48.11775 12.29000 0.07643
116.89920 5.46000 0.09311
45.52638 14.96000 0.08039
97.61470 7.04000 0.06892
-43.50263 6.93000 0.11745
46.92261 7.00000 0.07643
-33.87944 7.00000 0.06535
-25.26589 7.00000 0.09311
66.68475 7.37000 0.08039
-12.35845 7.01000 0.06191
27.62539 5.11000 0.09766
47.57932 12.84000 0.06191
-96.54217 7.68000 0.09311
-82.86033 7.00000 0.08039
78.07181 7.01000 0.10236
-40.98341 10.61000 0.11745
33.77676 6.87000 0.15259
28.25503 8.44000 0.18018
-6.13487 9.30000 0.13415
-59.58967 6.91000 0.07643
31.41899 7.00000 0.06191
-3.89256 3.65000 0.07261
29.24784 9.71000 0.11745
30.25973 7.00000 0.06535
-26.20866 7.00000 0.06892
83.75405 4.63000 0.10722
-11.80704 10.00000 0.11225
-29.02851 10.05000 0.09311
-22.79296 7.00000 0.07643
7.91191 7.06000 0.07261
112.77954 7.08000 0.07261
-85.35899 7.00000 0.06191
33.42053 4.13000 0.10722
36.10457 7.23000 0.06535
-73.76544 7.02000 0.08039
98.71353 7.00000 0.08039
64.79712 7.02000 0.06191
12.42212 7.16000 0.06892
-57.70141 7.01000 0.06191
26.19380 7.54000 0.07261
109.49738 7.01000 0.08448
123.67230 7.01000 0.06191
24.63013 7.00000 0.06191
-61.20111 7.11000 0.06892
52.32463 7.00000 0.07261
76.53062 7.01000 0.08039
73.25368 7.15000 0.07261
41.86376 10.20000 0.06892
49.62852 8.20000 0.07643
31.55761 16.67000 0.10236
93.39378 5.57000 0.10722
-52.70860 7.41000 0.09766
32.97331 7.00000 0.06191
-74.65781 9.14000 0.07643
84.15317 6.98000 0.06535
60.85322 7.00000 0.06191
-73.42357 6.99000 0.07261
-99.40702 7.00000 0.06191
-16.49260 7.00000 0.06191
122.48031 8.18000 0.17294
122.45220 6.98000 0.07261
106.57027 6.92000 0.07261
-41.10149 7.00000 0.06535
-105.29028 14.70000 0.08872
75.23813 10.10000 0.07643
-46.38469 11.41000 0.06191
100.09626 7.00000 0.06535
123.71890 6.86000 0.08872
123.28855 7.01000 0.09766
-43.04353 7.00000 0.06191
85.57413 7.17000 0.07261
-27.83002 9.28000 0.07643
-78.89230 7.09000 0.08448
44.29107 6.88000 0.07261
39.84123 7.00000 0.06191
29.73384 6.93000 0.06892
-23.17216 7.00000 0.10236
-57.61692 8.77000 0.07261
114.94846 6.98000 0.06535
114.52816 12.35000 0.09311
115.26785 6.85000 0.15915
-10.29119 7.77000 0.07261
49.33585 6.85000 0.08448
52.71853 7.19000 0.07261
55.10931 7.00000 0.06892
123.41035 7.00000 0.06892
-52.91394 12.40000 0.06892
33.92316 22.48000 0.06191
-65.34136 5.95000 0.06191
-10.94598 18.22000 0.08872
-81.70108 10.36000 0.06191
-54.02968 7.00000 0.07261
-61.77240 7.00000 0.06535
-63.66688 7.00000 0.06191
-60.20163 7.00000 0.07643
88.72648 7.00000 0.06191
-26.29892 7.00000 0.08039
28.87036 7.04000 0.06892
-42.84246 6.97000 0.06535
104.41379 16.58000 0.08448
82.70960 7.00000 0.06535
46.14942 7.00000 0.07261
130.69168 7.00000 0.07643
-12.78917 7.00000 0.06191
-125.78630 7.00000 0.07643
-16.27527 12.37000 0.06191
18.26724 7.00000 0.06535
44.34766 9.97000 0.06191
-42.59107 13.84000 0.14624
-81.41366 7.00000 0.07643
-81.32863 7.02000 0.10722
89.97853 7.01000 0.06191
-5.93841 11.96000 0.07643
-25.60802 7.00000 0.06191
41.22917 6.83000 0.06892
-47.32728 8.34000 0.07261
107.82887 11.61000 0.07643
104.17029 6.99000 0.06892
107.84227 7.00000 0.08872
-59.15099 7.00000 0.06191
92.23910 7.02000 0.09311
55.30787 27.50000 0.06535
-25.66776 11.09000 0.07261
-13.20841 7.00000 0.08872
-32.83616 7.19000 0.07261
-18.26336 7.37000 0.09766
116.64960 7.00000 0.08448
33.23468 7.80000 0.08448
-46.84371 8.92000 0.08039
-46.78909 21.67000 0.07261
-55.96605 7.01000 0.08872
-82.02459 7.41000 0.08448
-63.84788 9.28000 0.06892
105.24220 7.18000 0.06191
34.81511 7.82000 0.09311
2.31963 7.08000 0.06892
-54.97159 9.90000 0.07261
-70.71797 6.98000 0.07261
116.16031 7.47000 0.06191
31.69106 6.88000 0.07261
-66.61418 10.94000 0.08448
-70.97937 7.57000 0.08872
64.92253 9.08000 0.11225
-53.59533 7.40000 0.06191
31.25292 7.75000 0.06191
-82.70354 7.44000 0.08039
-81.88847 7.00000 0.10236
-32.28576 5.04000 0.08448
-32.20456 7.11000 0.07643
-118.25751 7.00000 0.06191
-43.67512 8.17000 0.08872
-21.56036 7.34000 0.09766
38.02048 7.00000 0.09766
114.57227 6.54000 0.09766
104.74391 12.86000 0.07261
36.77694 7.70000 0.06892
107.48090 6.85000 0.06191
-63.54751 4.80000 0.06892
-60.37386 8.48000 0.06535
55.70795 6.53000 0.06535
-57.75589 7.00000 0.06191
59.80064 13.36000 0.06535
73.17951 11.70000 0.07643
79.85374 7.01000 0.06191
96.53008 6.99000 0.11225
106.22558 13.95000 0.06191
-10.23405 14.41000 0.09766
36.55504 7.00000 0.08448
-23.02067 8.94000 0.06191
-34.18559 7.00000 0.07643
-36.39753 8.13000 0.06535
-59.45131 6.98000 0.06535
-50.03610 7.00000 0.07261
52.46480 6.92000 0.10722
124.43891 7.00000 0.06535
28.45286 8.55000 0.08039
-28.54452 13.42000 0.06191
-25.20774 10.44000 0.07643
97.20743 7.42000 0.06535
-56.80596 5.19000 0.12283
9.84578 6.97000 0.07261
36.78115 9.89000 0.07261
62.95149 7.09000 0.06535
35.18100 9.74000 0.14009
-4.05976 8.05000 0.07643
108.74079 6.24000 0.07643
-4.72630 7.00000 0.07643
76.86683 6.96000 0.06892
-11.32478 8.95000 0.06892
78.98657 10.96000 0.08872
-21.81539 8.07000 0.06191
87.09111 12.85000 0.09766
33.32415 6.55000 0.08448
98.30941 7.00000 0.06191
114.74992 7.00000 0.11225
-57.44508 8.88000 0.07261
-89.89790 12.69000 0.09311
-93.46224 7.00000 0.06535
-32.17906 7.00000 0.09311
-82.49414 5.76000 0.08448
-37.93941 7.20000 0.06892
122.00848 4.32000 0.06191
-7.90167 11.33000 0.06191
-26.08177 14.93000 0.06191
79.21536 7.11000 0.06892
-79.65620 8.30000 0.08039
32.89584 6.80000 0.06535
70.60637 5.01000 0.06535
-24.41043 6.56000 0.09311
78.17737 9.45000 0.06535
67.80514 7.00000 0.06191
-25.43609 7.00000 0.07643
-56.33276 8.38000 0.06535
-23.56151 10.63000 0.07261
-70.53560 8.90000 0.07261
-91.28289 7.00000 0.06892
-13.07056 7.08000 0.07643
-64.03707 7.04000 0.08448
27.64186 10.89000 0.06535
113.69794 6.92000 0.06892
-61.57267 8.82000 0.07261
-107.99433 7.00000 0.08872
-57.90542 6.98000 0.06535
-68.98040 7.00000 0.06191
-62.38710 7.00000 0.06535
-25.74824 7.01000 0.06892
109.38127 10.67000 0.06191
26.81378 7.00000 0.06892
35.49150 7.74000 0.12283
-54.43598 5.10000 0.06191
-27.17524 9.45000 0.06535
-27.59340 10.82000 0.06191
128.11162 7.05000 0.10236
128.26032 13.70000 0.08039
112.81561 7.01000 0.09311
-88.44173 7.22000 0.06191
29.90638 7.04000 0.06892
110.23771 7.99000 0.10236
75.70711 9.45000 0.08448
-8.48776 7.00000 0.06892
-43.11117 7.00000 0.08448
51.46365 10.78000 0.06535
34.20897 7.15000 0.06535
33.24929 7.51000 0.10722
103.33311 6.97000 0.06191
120.22515 10.53000 0.09311
-107.99877 12.68000 0.08039
-86.92589 10.95000 0.14624
-45.87966 7.00000 0.06191
43.11200 5.13000 0.07261
-53.72217 7.93000 0.07261
121.14391 7.00000 0.12283
43.83070 3.36000 0.08039
101.40567 7.00000 0.09311
-61.14537 5.21000 0.10722
-5.58444 5.78000 0.07261
-48.65363 10.05000 0.08872
-1.80863 16.65000 0.08039
128.35237 14.88000 0.08872
-62.01503 10.78000 0.08039
40.63075 4.02000 0.06191
-49.61786 8.67000 0.06535
-44.28619 7.00000 0.09311
40.13939 7.00000 0.06892
-42.94707 7.40000 0.06191
-60.60276 7.00000 0.06535
-78.93950 7.45000 0.06191
81.97584 7.06000 0.08448
124.87840 7.00000 0.08448
58.36952 7.01000 0.07261
-109.44453 7.00000 0.06892
123.21538 7.09000 0.07261
130.03447 6.99000 0.06191
-40.91987 8.41000 0.08039
-38.43898 7.00000 0.06535
-62.76952 8.98000 0.11225
116.89976 6.99000 0.07261
-83.01009 7.00000 0.10236
-41.51088 8.74000 0.06892
-93.20007 7.00000 0.06892
49.60338 7.09000 0.08039
95.03583 7.01000 0.09311
-17.27537 11.59000 0.07643
104.65378 0.57000 0.06191
93.92874 7.02000 0.12283
-91.40846 7.00000 0.06535
-54.07619 7.00000 0.06191
76.49460 6.85000 0.06191
111.08652 7.00000 0.10236
103.67097 7.23000 0.07643
160.64979 6.95000 0.06535
-51.25402 7.11000 0.06535
-25.50088 6.80000 0.06892
-56.50601 10.75000 0.09766
-56.82781 9.90000 0.08872
-46.10562 17.07000 0.06892
106.54616 5.85000 0.06191
86.80851 10.19000 0.09766
86.59358 6.96000 0.06892
62.61750 23.53000 0.06535
120.81882 6.99000 0.06191
-32.12244 7.22000 0.09766
93.75868 7.17000 0.08448
-22.88515 14.36000 0.07643
100.82654 7.00000 0.06892
127.98695 6.84000 0.06535
124.93666 9.03000 0.07643
59.00783 7.01000 0.09766
-32.83707 7.50000 0.08872
119.77646 12.49000 0.10722
-92.50792 7.05000 0.06191
116.36700 7.34000 0.09311
84.00042 11.18000 0.08448
48.20028 5.72000 0.06535
1.65763 7.00000 0.06191
1.65763 7.00000 0.06191
94.07907 6.40000 0.08872
-60.61717 7.00000 0.06191
117.37265 7.02000 0.08039
-54.72830 8.68000 0.08448
113.37698 10.94000 0.06535
-8.32738 9.93000 0.09766
100.16009 7.00000 0.10236
117.59371 11.10000 0.06535
79.08612 7.51000 0.10236
-58.04801 7.95000 0.07643
83.87529 7.01000 0.06892
-57.10717 7.01000 0.12283
-46.08174 7.09000 0.06191
86.84713 12.44000 0.10722
45.76840 11.69000 0.06892
-74.68404 7.21000 0.06191
-60.36201 7.00000 0.06892
-47.94282 7.28000 0.07261
-46.54564 8.00000 0.08039
129.83508 11.23000 0.06535
84.88682 6.90000 0.06191
55.28366 19.30000 0.07261
-64.05891 9.50000 0.06892
124.07349 10.92000 0.06892
87.04262 7.04000 0.07261
-74.49399 6.98000 0.07261
131.63908 10.76000 0.11745
130.65243 7.69000 0.06191
-72.71522 7.33000 0.08039
99.99037 7.00000 0.06191
49.20699 12.75000 0.11225
-73.48418 7.71000 0.06535
9.45945 7.01000 0.08448
-39.83639 5.68000 0.08039
126.55406 8.87000 0.06892
128.76219 7.00000 0.06191
-48.03348 6.41000 0.08448
-47.97545 8.76000 0.06191
-140.26220 8.79000 0.06535
77.20160 12.72000 0.09311
119.84128 10.54000 0.08448
107.37442 8.17000 0.10236
49.35996 7.00000 0.06191
42.91630 7.00000 0.09766
83.83753 7.00000 0.10236
-55.37385 8.71000 0.06535
-62.62842 7.01000 0.07261
114.87500 6.96000 0.06535
118.37100 2.22000 0.08872
-76.82054 7.00000 0.08872
-75.83867 6.99000 0.08448
30.12510 7.00000 0.08039
104.78711 7.00000 0.07261
-76.46407 8.23000 0.06535
22.76740 5.23000 0.06535
72.48439 19.10000 0.08448
76.81419 7.79000 0.07261
91.44638 7.76000 0.09766
52.42754 7.00000 0.07261
86.33078 12.48000 0.06191
79.91471 7.02000 0.09766
42.85125 6.14000 0.06535
-63.64951 6.92000 0.06535
91.94305 7.18000 0.11745
100.04107 7.00000 0.07261
75.76171 7.00000 0.07261
6.11173 7.02000 0.06191
73.27560 7.00000 0.06892
64.62575 7.00000 0.06191
-43.50449 7.00000 0.08872
-99.68373 7.56000 0.06892
-48.20563 6.96000 0.07643
-93.37811 7.01000 0.06535
-48.23983 8.14000 0.12839
-43.56082 9.23000 0.10236
-29.34217 8.68000 0.08872
99.45451 12.13000 0.07261
90.98127 8.21000 0.07261
-38.84973 4.66000 0.06191
9.71838 10.24000 0.06191
-53.14126 10.20000 0.08448
41.89901 7.98000 0.06191
127.66240 3.68000 0.06892
-34.23994 8.34000 0.08448
-42.03400 5.19000 0.08039
-43.79086 7.17000 0.08448
112.97692 11.31000 0.08448
-23.71330 12.46000 0.07261
56.40802 9.15000 0.06892
118.20977 7.35000 0.12283
43.76780 8.36000 0.08872
118.03944 7.04000 0.09311
129.97280 13.69000 0.10722
-48.43761 7.00000 0.07643
91.00860 7.04000 0.06191
94.82109 7.00000 0.06535
55.62406 7.00000 0.07643
-20.76904 7.00000 0.07261
113.58215 7.02000 0.06191
31.80664 7.00000 0.07643
116.52436 7.00000 0.08448
46.58626 6.14000 0.07261
-13.82840 13.38000 0.06535
-9.67107 7.15000 0.07261
59.17294 12.00000 0.10236
-64.44244 6.99000 0.06191
33.67607 7.15000 0.07643
-97.89545 6.90000 0.06535
-110.77606 7.00000 0.06535
31.16785 8.02000 0.06535
32.05794 5.69000 0.08872
115.15104 6.98000 0.06535
-78.62472 8.39000 0.07643
62.87014 7.00000 0.06191
-57.76968 12.81000 0.06191
86.02960 11.09000 0.07261
-43.62965 7.44000 0.06535
-80.75408 7.00000 0.07643
-40.00324 7.77000 0.06892
-27.26194 7.71000 0.08448
107.68690 9.00000 0.06535
112.22661 14.10000 0.06191
115.53478 18.30000 0.07643
-32.10198 12.41000 0.07643
-75.58957 7.00000 0.08448
98.53453 7.00000 0.06892
23.95323 7.00000 0.07261
-41.63459 8.17000 0.08872
48.38151 7.16000 0.06535
31.26186 15.08000 0.06892
-29.78794 7.00000 0.08872
94.74983 7.02000 0.07261
126.50430 11.89000 0.08448
119.77150 7.00000 0.07261
56.92027 7.16000 0.06535
43.86102 14.31000 0.09766
81.84408 6.98000 0.06892
-67.37573 9.10000 0.07261
-60.70812 8.23000 0.08448
-18.13713 5.39000 0.06892
-25.50487 7.01000 0.06535
-96.62070 7.10000 0.06535
-53.10912 7.11000 0.08872
-22.10207 7.15000 0.06892
115.75732 7.06000 0.08872
-77.35122 9.42000 0.06535
-53.26049 7.66000 0.06535
38.35402 7.50000 0.07261
109.47950 7.59000 0.07643
-101.82867 7.41000 0.07261
122.46743 11.25000 0.06535
-60.22424 7.00000 0.07643
117.62983 7.03000 0.11745
115.61461 7.01000 0.06191
-55.89937 7.01000 0.08872
99.48976 7.02000 0.06191
79.09575 8.27000 0.06535
29.85059 7.07000 0.07261
