#Total number of fault_segments=     6
#Fault_segment =   1 nx(Along-strike)=  10 Dx=  6.00km ny(downdip)=   7 Dy=  6.00km
#Boundary of Fault_segment     1
#Lon.  Lat.  Depth
       37.24270       37.55590        0.60923
       36.99370       37.06560        0.60923
       36.77980       37.13430       35.94310
       37.02890       37.62460       35.94310
       37.24270       37.55590        0.60923
#Lat. Lon. depth slip rake strike dip t_left t_right    (rise_time=t_left+t_right),sliprate,time
    37.5399    37.2200     2.6877   461.2200   -25.7136   202.0000    60.0000     2.4000     6.0000     0.5491    16.7703
    37.4899    37.1946     2.6877   586.6895   -44.7724   202.0000    60.0000     2.4000     9.6000     0.4889     8.9443
    37.4399    37.1691     2.6877    82.6405   -44.4349   202.0000    60.0000     1.2000     2.4000     0.2296     7.4111
    37.3898    37.1437     2.6877    36.4348   -44.9488   202.0000    60.0000     1.2000     2.4000     0.1012     7.4569
    37.3398    37.1183     2.6877   350.6624   -38.2130   202.0000    60.0000     1.2000     4.8000     0.5844     6.8721
    37.2898    37.0929     2.6877   236.2564   -41.2421   202.0000    60.0000     3.6000     3.6000     0.3281     4.2000
    37.2398    37.0675     2.6877    64.4412   -21.3009   202.0000    60.0000     2.4000     2.4000     0.1343     4.4721
    37.1897    37.0421     2.6877    82.2707    30.8021   202.0000    60.0000    10.8000     1.2000     0.0686     7.0569
    37.1397    37.0167     2.6877    89.4128    34.9484   202.0000    60.0000     1.2000     8.4000     0.0931    10.2111
    37.0897    36.9912     2.6877    59.8213    39.8221   202.0000    60.0000     7.2000     1.2000     0.0712    12.7443
    37.5500    37.1885     7.8839   467.1672   -44.9259   202.0000    60.0000     3.6000    10.8000     0.3244    14.9980
    37.5000    37.1631     7.8839   699.3146   -44.5862   202.0000    60.0000    12.0000    10.8000     0.3067     9.8462
    37.4500    37.1377     7.8839   252.5979   -24.0559   202.0000    60.0000     1.2000     2.4000     0.7017     6.1246
    37.4000    37.1123     7.8839   185.6474    -4.7762   202.0000    60.0000     1.2000     2.4000     0.5157     3.2721
    37.3499    37.0869     7.8839   262.5428   -23.4252   202.0000    60.0000     2.4000     1.2000     0.7293     3.8284
    37.2999    37.0615     7.8839   219.3625   -29.7365   202.0000    60.0000     1.2000     2.4000     0.6093     3.0000
    37.2499    37.0360     7.8839    88.1103   -40.0636   202.0000    60.0000     1.2000     1.2000     0.3671     2.8284
    37.1998    37.0106     7.8839    86.3344    -1.3948   202.0000    60.0000     9.6000     2.4000     0.0719     5.8721
    37.1498    36.9852     7.8839    55.3681    43.5963   202.0000    60.0000     4.8000     4.8000     0.0577     9.5246
    37.0998    36.9598     7.8839    10.3581     9.4116   202.0000    60.0000     6.0000    10.8000     0.0062    12.2462
    37.5602    37.1571    13.0800   224.4130   -44.9464   202.0000    60.0000     6.0000     1.2000     0.3117    15.0000
    37.5101    37.1317    13.0800   380.9504   -44.0128   202.0000    60.0000    12.0000     1.2000     0.2886    11.0000
    37.4601    37.1062    13.0800   200.3141   -43.7296   202.0000    60.0000     7.2000     7.2000     0.1391     7.2000
    37.4101    37.0808    13.0800   102.6135    44.7613   202.0000    60.0000     4.8000     4.8000     0.1069     4.0000
    37.3600    37.0554    13.0800    81.3820   -24.7828   202.0000    60.0000     1.2000     2.4000     0.2261     2.6000
    37.3100    37.0300    13.0800   142.9089     3.4043   202.0000    60.0000     1.2000     2.4000     0.3970     0.0000
    37.2600    37.0046    13.0800     0.7901   -14.6663   202.0000    60.0000     2.4000    12.0000     0.0005     2.2000
    37.2099    36.9792    13.0800     8.6095   -25.7124   202.0000    60.0000     8.4000     1.2000     0.0090     5.4000
    37.1599    36.9538    13.0800    47.8576     7.1736   202.0000    60.0000     6.0000     2.4000     0.0570     8.6000
    37.1099    36.9283    13.0800    56.4004     2.9665   202.0000    60.0000     3.6000     1.2000     0.1175    11.6000
    37.5703    37.1256    18.2762    67.8332     1.6736   202.0000    60.0000     1.2000     1.2000     0.2826    15.3980
    37.5202    37.1002    18.2762    97.9234   -44.8180   202.0000    60.0000     1.2000     1.2000     0.4080    12.2462
    37.4702    37.0748    18.2762   134.9667   -43.9301   202.0000    60.0000     9.6000     1.2000     0.1250     8.7246
    37.4202    37.0494    18.2762   135.9626    32.8909   202.0000    60.0000     1.2000     3.6000     0.2833     5.0721
    37.3701    37.0240    18.2762    63.3385    41.3407   202.0000    60.0000     1.2000     1.2000     0.2639     3.6284
    37.3201    36.9985    18.2762    39.4444    24.8746   202.0000    60.0000    12.0000     2.4000     0.0274     2.4000
    37.2701    36.9731    18.2762     0.1541    10.8346   202.0000    60.0000     7.2000     6.0000     0.0001     3.2284
    37.2200    36.9477    18.2762     0.7223    29.0969   202.0000    60.0000     1.2000     8.4000     0.0008     5.4721
    37.1700    36.9223    18.2762    59.1963    -9.8015   202.0000    60.0000     4.8000     1.2000     0.0987     8.3246
    37.1200    36.8969    18.2762    93.5866   -29.4197   202.0000    60.0000     2.4000     1.2000     0.2600    11.0462
    37.5804    37.0942    23.4723     4.4024   -40.7817   202.0000    60.0000     3.6000     9.6000     0.0033    17.1703
    37.5303    37.0688    23.4723   105.0308   -43.6925   202.0000    60.0000     1.2000     1.2000     0.4376    14.1443
    37.4803    37.0433    23.4723    58.0904   -33.8742   202.0000    60.0000     1.2000     3.6000     0.1210    11.4111
    37.4303    37.0179    23.4723    16.3328    41.0142   202.0000    60.0000    10.8000     8.4000     0.0085     8.2569
    37.3802    36.9925    23.4723     6.7100    32.9372   202.0000    60.0000    10.8000     8.4000     0.0035     6.0721
    37.3302    36.9671    23.4723     7.8759     8.3497   202.0000    60.0000     9.6000     8.4000     0.0044     4.8000
    37.2802    36.9417    23.4723    21.7716   -44.5728   202.0000    60.0000     1.2000     2.4000     0.0605     5.0721
    37.2302    36.9163    23.4723    26.8465    38.8211   202.0000    60.0000     1.2000     1.2000     0.1119     7.0569
    37.1801    36.8909    23.4723    30.6754    15.2706   202.0000    60.0000     1.2000     4.8000     0.0511     9.4111
    37.1301    36.8654    23.4723     1.8220     9.4855   202.0000    60.0000     9.6000     8.4000     0.0010    11.9443
    37.5905    37.0627    28.6685     4.9521    20.6315   202.0000    60.0000     2.4000     7.2000     0.0052    19.4619
    37.5404    37.0373    28.6685     6.4681    14.1421   202.0000    60.0000     8.4000    10.8000     0.0034    17.2000
    37.4904    37.0119    28.6685   114.8249    44.5274   202.0000    60.0000     2.4000     1.2000     0.3190    14.8853
    37.4404    36.9865    28.6685     3.4675   -18.1384   202.0000    60.0000     9.6000     8.4000     0.0019    11.6111
    37.3904    36.9611    28.6685     6.4825    40.4789   202.0000    60.0000     1.2000     3.6000     0.0135     9.3246
    37.3403    36.9356    28.6685    14.9576     3.5005   202.0000    60.0000     3.6000     1.2000     0.0312     7.8000
    37.2903    36.9102    28.6685    38.1402    43.2949   202.0000    60.0000     1.2000     1.2000     0.1589     7.3246
    37.2403    36.8848    28.6685    36.5244     4.9011   202.0000    60.0000     1.2000     1.2000     0.1522     8.8111
    37.1902    36.8594    28.6685     8.6544    39.9927   202.0000    60.0000     6.0000    10.8000     0.0052    10.6853
    37.1402    36.8340    28.6685     0.9222    36.3470   202.0000    60.0000     7.2000     9.6000     0.0005    13.4000
    37.6006    37.0313    33.8646     2.1886     9.2642   202.0000    60.0000     9.6000     7.2000     0.0013    22.0062
    37.5505    37.0059    33.8646   112.7368    22.7266   202.0000    60.0000     2.4000     1.2000     0.3132    20.1137
    37.5005    36.9804    33.8646    40.5908    34.1533   202.0000    60.0000     6.0000     2.4000     0.0483    17.6000
    37.4505    36.9550    33.8646     0.8380    -4.2553   202.0000    60.0000    10.8000     7.2000     0.0005    14.9443
    37.4005    36.9296    33.8646     3.7799    35.6737   202.0000    60.0000     6.0000     6.0000     0.0031    12.0462
    37.3504    36.9042    33.8646    12.4778    44.3717   202.0000    60.0000    12.0000     2.4000     0.0087    10.8000
    37.3004    36.8788    33.8646    38.0609    42.8128   202.0000    60.0000     2.4000     2.4000     0.0793    10.2462
    37.2504    36.8534    33.8646    12.3769    20.1052   202.0000    60.0000     8.4000     8.4000     0.0074    10.5443
    37.2003    36.8280    33.8646     0.1857   -24.1791   202.0000    60.0000     8.4000     1.2000     0.0002    12.8000
    37.1503    36.8025    33.8646     1.7073    41.1817   202.0000    60.0000     7.2000     3.6000     0.0016    14.9137
#Fault_segment =   2 nx(Along-strike)=   6 Dx=  6.00km ny(downdip)=   7 Dy=  6.00km
#Boundary of Fault_segment     2
#Lon.  Lat.  Depth
       37.28360       37.55690        0.60233
       36.91770       37.43970        0.60233
       36.88760       37.49880       40.78250
       37.25350       37.61600       40.78250
       37.28360       37.55690        0.60233
#Lat. Lon. depth slip rake strike dip t_left t_right    (rise_time=t_left+t_right),sliprate,time
    37.5523    37.2566     2.9659   592.5790   -41.6358   248.0000    80.0000     7.2000     4.8000     0.4938    17.2721
    37.5321    37.1935     2.9659   688.5027   -33.8286   248.0000    80.0000     8.4000     6.0000     0.4781    17.4000
    37.5119    37.1304     2.9659   492.0854   -12.9488   248.0000    80.0000     6.0000     7.2000     0.3728    17.8721
    37.4917    37.0673     2.9659   566.8174    -5.6318   248.0000    80.0000     3.6000     7.2000     0.5248    20.0569
    37.4715    37.0042     2.9659   608.4693    -4.7011   248.0000    80.0000     4.8000     3.6000     0.7244    22.2111
    37.4513    36.9411     2.9659   499.0445     2.6235   248.0000    80.0000     3.6000     4.8000     0.5941    23.9443
    37.5610    37.2522     8.8747   717.2248   -44.8864   248.0000    80.0000     6.0000     6.0000     0.5977    15.0284
    37.5408    37.1891     8.8747   705.2439   -44.8316   248.0000    80.0000     9.6000     3.6000     0.5343    13.0000
    37.5206    37.1260     8.8747   281.0633   -42.7462   248.0000    80.0000     2.4000     4.8000     0.3904    13.0284
    37.5004    37.0629     8.8747   317.8695    -2.0715   248.0000    80.0000    10.8000     1.2000     0.2649    16.2721
    37.4802    36.9998     8.8747   364.4954    28.4285   248.0000    80.0000     2.4000    12.0000     0.2531    17.7246
    37.4600    36.9367     8.8747   335.6909    29.2625   248.0000    80.0000     1.2000    12.0000     0.2543    21.4462
    37.5697    37.2477    14.7836   179.4264   -28.0767   248.0000    80.0000     8.4000     1.2000     0.1869    13.0000
    37.5495    37.1846    14.7836    82.3841   -43.3914   248.0000    80.0000     1.2000     1.2000     0.3433     9.0000
    37.5293    37.1216    14.7836     4.4630     1.0690   248.0000    80.0000     6.0000     3.6000     0.0046    11.0000
    37.5091    37.0585    14.7836    16.6908    34.1581   248.0000    80.0000    12.0000     1.2000     0.0126    13.4000
    37.4889    36.9954    14.7836   171.1629    -6.1197   248.0000    80.0000     1.2000     3.6000     0.3566    15.6000
    37.4686    36.9323    14.7836   307.3609   -33.8176   248.0000    80.0000     6.0000     1.2000     0.4269    20.6000
    37.5784    37.2433    20.6924   166.6826    44.8997   248.0000    80.0000     2.4000     3.6000     0.2778    13.6284
    37.5582    37.1802    20.6924   110.4525    43.8004   248.0000    80.0000     8.4000     1.2000     0.1151    12.0000
    37.5380    37.1171    20.6924     4.1239     5.9124   248.0000    80.0000     6.0000     2.4000     0.0049    12.8284
    37.5178    37.0540    20.6924    25.2274    14.8851   248.0000    80.0000     1.2000     1.2000     0.1051    15.0721
    37.4975    36.9909    20.6924   104.9971   -26.5055   248.0000    80.0000     7.2000     1.2000     0.1250    18.1246
    37.4773    36.9279    20.6924   256.1370   -44.0487   248.0000    80.0000     4.8000     1.2000     0.4269    23.0462
    37.5871    37.2389    26.6013   154.0595    44.9287   248.0000    80.0000    10.8000     1.2000     0.1284    15.4721
    37.5669    37.1758    26.6013   122.3805    43.3345   248.0000    80.0000    10.8000     7.2000     0.0680    15.2000
    37.5467    37.1127    26.6013    81.5262    43.3092   248.0000    80.0000     2.4000     1.2000     0.2265    15.6721
    37.5264    37.0496    26.6013    15.8742    25.1733   248.0000    80.0000     7.2000     6.0000     0.0120    18.2569
    37.5062    36.9865    26.6013    56.4436    -3.6988   248.0000    80.0000     1.2000     1.2000     0.2352    22.4111
    37.4860    36.9234    26.6013   238.7742   -36.3163   248.0000    80.0000    12.0000     1.2000     0.1809    26.3443
    37.5958    37.2345    32.5101    34.1793    38.2313   248.0000    80.0000     7.2000     1.2000     0.0407    19.3246
    37.5756    37.1714    32.5101    15.7561    37.5513   248.0000    80.0000     4.8000    12.0000     0.0094    19.0000
    37.5553    37.1083    32.5101    36.7296    28.8395   248.0000    80.0000     9.6000     3.6000     0.0278    19.1246
    37.5351    37.0452    32.5101     4.5497    33.0667   248.0000    80.0000     3.6000     8.4000     0.0038    21.2111
    37.5149    36.9821    32.5101   100.8892   -27.8893   248.0000    80.0000    12.0000     1.2000     0.0764    24.8853
    37.4947    36.9190    32.5101   250.9899   -43.6892   248.0000    80.0000     8.4000     1.2000     0.2614    28.2000
    37.6045    37.2300    38.4189     2.0008    26.2417   248.0000    80.0000    10.8000     4.8000     0.0013    22.6462
    37.5842    37.1669    38.4189     2.3175    34.9932   248.0000    80.0000     7.2000     8.4000     0.0015    22.0000
    37.5640    37.1038    38.4189    12.4836     2.1953   248.0000    80.0000    12.0000    12.0000     0.0052    22.6462
    37.5438    37.0408    38.4189    13.4336    18.6113   248.0000    80.0000     4.8000     2.4000     0.0187    24.1443
    37.5236    36.9777    38.4189    70.3390   -23.8108   248.0000    80.0000     6.0000     1.2000     0.0977    27.2000
    37.5034    36.9146    38.4189   200.4312   -40.4979   248.0000    80.0000     3.6000     1.2000     0.4176    29.5137
#Fault_segment =   3 nx(Along-strike)=   8 Dx=  6.00km ny(downdip)=   7 Dy=  6.00km
#Boundary of Fault_segment     3
#Lon.  Lat.  Depth
       37.70340       37.82570        0.60233
       37.29080       37.56080        0.60233
       37.24030       37.61030       40.78250
       37.65280       37.87520       40.78250
       37.70340       37.82570        0.60233
#Lat. Lon. depth slip rake strike dip t_left t_right    (rise_time=t_left+t_right),sliprate,time
    37.8150    37.6793     2.9659    42.0119    36.0292   231.0000    80.0000     4.8000     1.2000     0.0700    26.6843
    37.7810    37.6264     2.9659     0.5278   -36.9803   231.0000    80.0000     7.2000    12.0000     0.0003    26.7059
    37.7471    37.5735     2.9659    14.2647   -36.5455   231.0000    80.0000     3.6000     1.2000     0.0297    26.1310
    37.7131    37.5206     2.9659     1.2043    31.5838   231.0000    80.0000     9.6000     1.2000     0.0011    24.3607
    37.6792    37.4677     2.9659    45.1343    17.6639   231.0000    80.0000     1.2000     2.4000     0.1254    22.1961
    37.6452    37.4148     2.9659   284.5021    32.6703   231.0000    80.0000     3.6000     3.6000     0.3951    19.4391
    37.6112    37.3619     2.9659   454.8179    33.0285   231.0000    80.0000     2.4000     7.2000     0.4738    15.2924
    37.5773    37.3090     2.9659   257.4951    25.4554   231.0000    80.0000     3.6000     2.4000     0.4292    16.5602
    37.8223    37.6718     8.8747   131.9431    14.8978   231.0000    80.0000     1.2000     1.2000     0.5498    24.4713
    37.7883    37.6189     8.8747     2.7098    35.4655   231.0000    80.0000     4.8000     6.0000     0.0025    25.8768
    37.7544    37.5661     8.8747     0.9777   -33.2749   231.0000    80.0000     1.2000    12.0000     0.0007    25.4832
    37.7204    37.5132     8.8747     2.7605    35.1190   231.0000    80.0000     1.2000     1.2000     0.0115    23.4907
    37.6864    37.4603     8.8747   122.3932   -43.3057   231.0000    80.0000     4.8000     1.2000     0.2040    20.4998
    37.6525    37.4074     8.8747   370.7938    32.8257   231.0000    80.0000     1.2000     6.0000     0.5150    17.5108
    37.6185    37.3545     8.8747   614.0612    42.0329   231.0000    80.0000     9.6000     1.2000     0.5686    14.3245
    37.5846    37.3016     8.8747   191.7694    44.2751   231.0000    80.0000     8.4000     1.2000     0.1998    14.3421
    37.8296    37.6644    14.7836   100.1480   -29.9996   231.0000    80.0000     1.2000     1.2000     0.4173    25.4000
    37.7956    37.6115    14.7836     4.4259    24.3542   231.0000    80.0000     6.0000     1.2000     0.0061    26.0000
    37.7616    37.5586    14.7836    27.3727   -44.2852   231.0000    80.0000     3.6000     1.2000     0.0570    25.2000
    37.7277    37.5057    14.7836   164.9095   -44.8712   231.0000    80.0000     3.6000     1.2000     0.3436    23.6000
    37.6937    37.4528    14.7836   337.3483   -44.9686   231.0000    80.0000     1.2000     7.2000     0.4016    20.0000
    37.6598    37.3999    14.7836   478.4687    -4.1497   231.0000    80.0000     3.6000     1.2000     0.9968    18.0000
    37.6258    37.3470    14.7836   812.6782    19.6507   231.0000    80.0000     2.4000     3.6000     1.3545    13.8000
    37.5919    37.2941    14.7836   272.6766    43.9517   231.0000    80.0000     2.4000    10.8000     0.2066    14.2000
    37.8368    37.6570    20.6924     0.8479   -18.7284   231.0000    80.0000    12.0000     1.2000     0.0006    28.0713
    37.8029    37.6041    20.6924     0.4530    26.2605   231.0000    80.0000     6.0000     9.6000     0.0003    26.8768
    37.7689    37.5512    20.6924     8.4044   -44.4294   231.0000    80.0000     2.4000     7.2000     0.0088    25.4832
    37.7350    37.4983    20.6924   153.3121   -43.9751   231.0000    80.0000    12.0000     6.0000     0.0852    23.2907
    37.7010    37.4454    20.6924   261.4015   -43.7301   231.0000    80.0000     4.8000     2.4000     0.3631    20.2998
    37.6670    37.3925    20.6924   330.2154     7.6564   231.0000    80.0000     1.2000     2.4000     0.9173    18.1108
    37.6331    37.3396    20.6924   553.8665    10.5013   231.0000    80.0000     3.6000     2.4000     0.9231    19.1245
    37.5991    37.2867    20.6924   221.4386    39.2497   231.0000    80.0000     3.6000     3.6000     0.3076    18.1421
    37.8441    37.6495    26.6013     5.2924    27.9047   231.0000    80.0000     2.4000     7.2000     0.0055    28.4843
    37.8102    37.5966    26.6013    95.4397    43.1627   231.0000    80.0000     3.6000     1.2000     0.1988    26.9059
    37.7762    37.5437    26.6013    37.2852    26.5232   231.0000    80.0000     1.2000     4.8000     0.0621    25.7310
    37.7422    37.4908    26.6013    66.1520   -41.4476   231.0000    80.0000     1.2000     1.2000     0.2756    24.3607
    37.7083    37.4380    26.6013   114.1260   -14.9032   231.0000    80.0000     2.4000     1.2000     0.3170    23.3961
    37.6743    37.3851    26.6013   246.3217    42.4151   231.0000    80.0000     2.4000     4.8000     0.3421    23.0391
    37.6404    37.3322    26.6013   299.7990    32.1013   231.0000    80.0000    10.8000     1.2000     0.2498    23.4924
    37.6064    37.2793    26.6013   180.2012    42.1765   231.0000    80.0000    12.0000     7.2000     0.0939    22.7602
    37.8514    37.6421    32.5101    51.1421   -25.9537   231.0000    80.0000     1.2000     1.2000     0.2131    29.0356
    37.8174    37.5892    32.5101    89.1296    36.9937   231.0000    80.0000     1.2000     3.6000     0.1857    26.8833
    37.7835    37.5363    32.5101    33.3739    10.6995   231.0000    80.0000     2.4000     2.4000     0.0695    25.7386
    37.7495    37.4834    32.5101     0.8973    18.7022   231.0000    80.0000     6.0000     7.2000     0.0007    25.0035
    37.7156    37.4305    32.5101    59.1267   -19.5731   231.0000    80.0000     1.2000     1.2000     0.2464    26.0806
    37.6816    37.3776    32.5101   177.8008    42.4150   231.0000    80.0000     2.4000     1.2000     0.4939    27.1737
    37.6477    37.3247    32.5101   165.9619    32.0842   231.0000    80.0000     7.2000     3.6000     0.1537    27.8880
    37.6137    37.2718    32.5101   108.8405    42.9185   231.0000    80.0000    10.8000     3.6000     0.0756    26.8315
    37.8587    37.6347    38.4189    74.5302   -30.5013   231.0000    80.0000     1.2000     1.2000     0.3105    30.5204
    37.8247    37.5818    38.4189    99.8138   -26.2190   231.0000    80.0000     3.6000     1.2000     0.2079    28.0029
    37.7908    37.5289    38.4189    53.8185   -43.6719   231.0000    80.0000     1.2000     1.2000     0.2242    26.2982
    37.7568    37.4760    38.4189    41.2425   -42.5379   231.0000    80.0000     1.2000     4.8000     0.0687    26.2094
    37.7229    37.4231    38.4189    92.9666   -40.4908   231.0000    80.0000     3.6000     1.2000     0.1937    27.5407
    37.6889    37.3702    38.4189    99.1091   -11.5210   231.0000    80.0000     4.8000     1.2000     0.1652    29.2977
    37.6549    37.3173    38.4189   107.1585   -44.0020   231.0000    80.0000     1.2000     1.2000     0.4465    30.0885
    37.6210    37.2644    38.4189   131.9828   -44.4750   231.0000    80.0000     1.2000     1.2000     0.5499    28.3245
#Fault_segment =   4 nx(Along-strike)=   8 Dx=  6.00km ny(downdip)=   7 Dy=  6.00km
#Boundary of Fault_segment     4
#Lon.  Lat.  Depth
       36.63880       37.07800        0.60824
       36.91190       37.43880        0.60824
       36.98070       37.40600       40.78840
       36.70760       37.04520       40.78840
       36.63880       37.07800        0.60824
#Lat. Lon. depth slip rake strike dip t_left t_right    (rise_time=t_left+t_right),sliprate,time
    37.0946    36.6569     2.9718   157.1395     7.7576    31.0000    80.0000     6.0000     4.8000     0.1455    42.4490
    37.1409    36.6919     2.9718   270.4754    -2.7365    31.0000    80.0000     3.6000     3.6000     0.3757    39.4655
    37.1871    36.7269     2.9718     7.8903    44.3888    31.0000    80.0000     8.4000     2.4000     0.0073    37.2843
    37.2334    36.7619     2.9718     2.0295   -41.4485    31.0000    80.0000     6.0000     8.4000     0.0014    36.7059
    37.2796    36.7969     2.9718   101.1816   -41.3000    31.0000    80.0000     6.0000     2.4000     0.1205    35.3310
    37.3259    36.8319     2.9718   155.1043     3.7853    31.0000    80.0000     3.6000     4.8000     0.1846    32.3607
    37.3721    36.8669     2.9718   105.8566   -14.1177    31.0000    80.0000     3.6000     7.2000     0.0980    28.9961
    37.4184    36.9019     2.9718   248.0021    12.8156    31.0000    80.0000     4.8000     3.6000     0.2952    26.2391
    37.0898    36.6670     8.8806   179.3606     2.2971    31.0000    80.0000     6.0000     2.4000     0.2135    42.4624
    37.1360    36.7020     8.8806   379.5607    -2.6501    31.0000    80.0000     4.8000     4.8000     0.3954    39.6666
    37.1823    36.7370     8.8806   348.7650    -2.6741    31.0000    80.0000     4.8000     1.2000     0.5813    36.4713
    37.2285    36.7720     8.8806   300.2451   -12.5867    31.0000    80.0000     3.6000     4.8000     0.3574    36.4768
    37.2748    36.8070     8.8806   323.5723   -16.9473    31.0000    80.0000     4.8000     2.4000     0.4494    33.8832
    37.3210    36.8420     8.8806   378.9111     9.5260    31.0000    80.0000     2.4000     7.2000     0.3947    30.8907
    37.3673    36.8770     8.8806   367.4954     9.6681    31.0000    80.0000     6.0000     6.0000     0.3062    27.0998
    37.4136    36.9120     8.8806   413.7788    -9.6654    31.0000    80.0000     4.8000     1.2000     0.6896    24.7108
    37.0850    36.6771    14.7895   159.3668   -23.1527    31.0000    80.0000     3.6000     1.2000     0.3320    43.4000
    37.1312    36.7121    14.7895   361.5122   -27.6050    31.0000    80.0000     4.8000     1.2000     0.6025    41.0000
    37.1775    36.7471    14.7895   332.8282    -5.2476    31.0000    80.0000     6.0000     1.2000     0.4623    38.2000
    37.2237    36.7821    14.7895   297.1680   -26.3471    31.0000    80.0000     2.4000     1.2000     0.8255    35.6000
    37.2700    36.8171    14.7895   351.0460   -16.9853    31.0000    80.0000     3.6000     1.2000     0.7313    32.2000
    37.3162    36.8521    14.7895   398.8865    12.9889    31.0000    80.0000     8.4000     2.4000     0.3693    29.2000
    37.3625    36.8871    14.7895   507.9260    22.5081    31.0000    80.0000     8.4000     6.0000     0.3527    23.8000
    37.4087    36.9221    14.7895   495.1807    17.3744    31.0000    80.0000     4.8000     6.0000     0.4585    20.6000
    37.0801    36.6872    20.6983    84.6974   -36.0773    31.0000    80.0000     2.4000     1.2000     0.2353    44.8624
    37.1264    36.7222    20.6983   191.5352   -27.1338    31.0000    80.0000     1.2000     3.6000     0.3990    42.8666
    37.1726    36.7572    20.6983   214.6826    -2.0495    31.0000    80.0000    12.0000    10.8000     0.0942    40.2713
    37.2189    36.7922    20.6983   224.8698   -16.2713    31.0000    80.0000     4.8000     1.2000     0.3748    37.4768
    37.2651    36.8272    20.6983   305.9784    12.6358    31.0000    80.0000    12.0000    12.0000     0.1275    34.4832
    37.3114    36.8623    20.6983   401.6271    29.3466    31.0000    80.0000    12.0000    12.0000     0.1673    29.6907
    37.3577    36.8973    20.6983   530.5080    37.7496    31.0000    80.0000     7.2000     3.6000     0.4912    22.6998
    37.4039    36.9323    20.6983   515.9338    25.6585    31.0000    80.0000     6.0000     4.8000     0.4777    18.1108
    37.0753    36.6973    26.6072    35.4004    32.0831    31.0000    80.0000     1.2000     1.2000     0.1475    46.4490
    37.1216    36.7324    26.6072   132.3512   -20.8869    31.0000    80.0000     1.2000     1.2000     0.5515    44.6655
    37.1678    36.7674    26.6072   216.4325    20.3329    31.0000    80.0000    12.0000     8.4000     0.1061    43.4843
    37.2141    36.8024    26.6072   233.5669    17.8885    31.0000    80.0000    12.0000     7.2000     0.1216    40.7059
    37.2603    36.8374    26.6072   303.6012    32.1023    31.0000    80.0000    12.0000    12.0000     0.1265    36.7310
    37.3066    36.8724    26.6072   346.3760    29.7512    31.0000    80.0000    12.0000    12.0000     0.1443    31.1607
    37.3528    36.9074    26.6072   377.0576    21.9256    31.0000    80.0000     7.2000     1.2000     0.4489    24.1961
    37.3991    36.9424    26.6072   381.5686    20.8153    31.0000    80.0000     1.2000     9.6000     0.3533    18.4391
    37.0705    36.7075    32.5160    12.0816    30.0271    31.0000    80.0000    10.8000     2.4000     0.0092    49.1576
    37.1167    36.7425    32.5160    64.0553   -38.9184    31.0000    80.0000     6.0000     1.2000     0.0890    47.5941
    37.1630    36.7775    32.5160   166.4880    43.4939    31.0000    80.0000    12.0000     1.2000     0.1261    46.6356
    37.2092    36.8125    32.5160   157.5992    41.0103    31.0000    80.0000    12.0000    12.0000     0.0657    42.6833
    37.2555    36.8475    32.5160   175.1800    38.5293    31.0000    80.0000     4.8000     1.2000     0.2920    37.5386
    37.3017    36.8825    32.5160   201.9215    14.8722    31.0000    80.0000    10.8000     2.4000     0.1530    31.8035
    37.3480    36.9175    32.5160   233.3409   -33.9472    31.0000    80.0000     4.8000     9.6000     0.1620    26.2806
    37.3942    36.9525    32.5160   236.4087   -25.8584    31.0000    80.0000    12.0000     6.0000     0.1313    21.9737
    37.0657    36.7176    38.4249    26.5787    40.7772    31.0000    80.0000     6.0000    10.8000     0.0158    51.1848
    37.1119    36.7526    38.4249    53.8354   -40.7488    31.0000    80.0000     1.2000     1.2000     0.2243    49.4484
    37.1582    36.7876    38.4249   104.6908   -21.6193    31.0000    80.0000     2.4000     1.2000     0.2908    48.3204
    37.2044    36.8226    38.4249    37.2755    -8.8298    31.0000    80.0000     4.8000    10.8000     0.0239    43.6029
    37.2507    36.8576    38.4249    49.0132   -42.5318    31.0000    80.0000     1.2000     1.2000     0.2042    37.2982
    37.2969    36.8926    38.4249   112.7975   -31.4837    31.0000    80.0000     4.8000     1.2000     0.1880    32.0094
    37.3432    36.9276    38.4249   205.2011   -42.2930    31.0000    80.0000     1.2000     2.4000     0.5700    27.1407
    37.3894    36.9626    38.4249   203.1486   -44.7914    31.0000    80.0000     9.6000     3.6000     0.1539    24.4977
#Fault_segment =   5 nx(Along-strike)=  20 Dx=  6.00km ny(downdip)=   7 Dy=  6.00km
#Boundary of Fault_segment     5
#Lon.  Lat.  Depth
       36.11360       36.09080        0.60824
       36.63690       37.07420        0.60824
       36.71040       37.04930       40.78840
       36.18710       36.06590       40.78840
       36.11360       36.09080        0.60824
#Lat. Lon. depth slip rake strike dip t_left t_right    (rise_time=t_left+t_right),sliprate,time
    36.1092    36.1285     2.9718     4.3126    41.8819    23.0000    80.0000     2.4000     1.2000     0.0120    81.5110
    36.1589    36.1549     2.9718    39.4142   -15.7301    23.0000    80.0000    10.8000     4.8000     0.0253    79.5143
    36.2085    36.1814     2.9718    92.5783    -3.1591    23.0000    80.0000    12.0000     1.2000     0.0701    76.9177
    36.2582    36.2078     2.9718    39.1300    29.9936    23.0000    80.0000     1.2000     4.8000     0.0652    74.5210
    36.3079    36.2342     2.9718     4.9194    30.9966    23.0000    80.0000     7.2000     8.4000     0.0032    71.1250
    36.3575    36.2606     2.9718    87.4449   -43.4484    23.0000    80.0000     2.4000     4.8000     0.1215    68.3290
    36.4072    36.2871     2.9718   191.5360     5.4143    23.0000    80.0000     1.2000     3.6000     0.3990    66.5333
    36.4569    36.3135     2.9718   221.1450    17.8270    23.0000    80.0000     8.4000     2.4000     0.2048    64.9377
    36.5065    36.3399     2.9718   181.3683   -39.8069    23.0000    80.0000     9.6000     1.2000     0.1679    61.9427
    36.5562    36.3664     2.9718   236.9672     5.6636    23.0000    80.0000     7.2000     1.2000     0.2821    57.7480
    36.6059    36.3928     2.9718   303.7236    35.2412    23.0000    80.0000     2.4000     8.4000     0.2812    55.3537
    36.6556    36.4192     2.9718   373.4935    21.9499    23.0000    80.0000     9.6000     2.4000     0.3112    53.9597
    36.7052    36.4456     2.9718   316.1335    23.3450    23.0000    80.0000     4.8000     2.4000     0.4391    54.3663
    36.7549    36.4721     2.9718   162.8402    -0.9829    23.0000    80.0000     3.6000     1.2000     0.3393    55.5737
    36.8046    36.4985     2.9718     0.2647    30.5716    23.0000    80.0000    10.8000     4.8000     0.0002    54.1813
    36.8542    36.5249     2.9718     2.1384    17.2439    23.0000    80.0000     7.2000     3.6000     0.0020    52.7900
    36.9039    36.5514     2.9718     0.8681   -38.3029    23.0000    80.0000     4.8000     1.2000     0.0014    51.1997
    36.9536    36.5778     2.9718    89.3870    39.5540    23.0000    80.0000     1.2000     3.6000     0.1862    49.2100
    37.0032    36.6042     2.9718    37.3910    43.9963    23.0000    80.0000     1.2000     1.2000     0.1558    47.6217
    37.0529    36.6306     2.9718    78.6271   -44.7009    23.0000    80.0000     1.2000     4.8000     0.1310    47.2343
    36.1055    36.1393     8.8806    11.0296   -37.0409    23.0000    80.0000     1.2000     1.2000     0.0460    82.4277
    36.1552    36.1657     8.8806    63.4533   -40.3491    23.0000    80.0000     9.6000     3.6000     0.0481    80.4287
    36.2049    36.1922     8.8806    32.0681   -41.8163    23.0000    80.0000     7.2000    12.0000     0.0167    78.0293
    36.2545    36.2186     8.8806    36.5910    37.5094    23.0000    80.0000     8.4000     8.4000     0.0218    75.2303
    36.3042    36.2450     8.8806     5.3905   -38.8424    23.0000    80.0000     2.4000     3.6000     0.0090    71.8313
    36.3539    36.2715     8.8806    20.5678   -21.8394    23.0000    80.0000     6.0000     2.4000     0.0245    68.4323
    36.4035    36.2979     8.8806   160.6650    31.2161    23.0000    80.0000     1.2000     1.2000     0.6694    65.8333
    36.4532    36.3243     8.8806   260.7574    28.3109    23.0000    80.0000    10.8000     1.2000     0.2173    64.8343
    36.5029    36.3507     8.8806   248.7985     6.2394    23.0000    80.0000     4.8000     1.2000     0.4147    62.8357
    36.5526    36.3772     8.8806   353.3969    36.0806    23.0000    80.0000     4.8000     2.4000     0.4908    60.4370
    36.6022    36.4036     8.8806   342.7149    34.4981    23.0000    80.0000     3.6000     2.4000     0.5712    58.2383
    36.6519    36.4300     8.8806   292.9279    13.4842    23.0000    80.0000     2.4000     2.4000     0.6103    57.0400
    36.7016    36.4565     8.8806   223.3802   -32.2956    23.0000    80.0000     6.0000     1.2000     0.3103    55.6417
    36.7512    36.4829     8.8806   195.8483   -27.9436    23.0000    80.0000     2.4000     4.8000     0.2720    55.0433
    36.8009    36.5093     8.8806   197.6483   -13.8133    23.0000    80.0000     1.2000     1.2000     0.8235    53.4453
    36.8506    36.5357     8.8806   231.8034   -32.0600    23.0000    80.0000     1.2000     1.2000     0.9658    52.4477
    36.9002    36.5622     8.8806   133.3376    25.0699    23.0000    80.0000     3.6000     1.2000     0.2778    49.6500
    36.9499    36.5886     8.8806   195.2067    39.1180    23.0000    80.0000     1.2000     4.8000     0.3253    47.0527
    36.9996    36.6150     8.8806   157.3606   -33.5472    23.0000    80.0000     3.6000     1.2000     0.3278    46.4557
    37.0492    36.6415     8.8806   118.1617   -42.8793    23.0000    80.0000     1.2000     2.4000     0.3282    46.0587
    36.1019    36.1501    14.7895     7.9106     4.4134    23.0000    80.0000    10.8000    10.8000     0.0037    84.0000
    36.1515    36.1766    14.7895     0.3933   -41.0530    23.0000    80.0000     3.6000     9.6000     0.0003    81.8000
    36.2012    36.2030    14.7895     0.1913   -29.8789    23.0000    80.0000     9.6000     3.6000     0.0001    78.8000
    36.2509    36.2294    14.7895   102.5656    44.3975    23.0000    80.0000     1.2000     1.2000     0.4274    76.0000
    36.3005    36.2558    14.7895    23.5611    -6.5820    23.0000    80.0000     2.4000     1.2000     0.0654    73.0000
    36.3502    36.2823    14.7895     2.5171   -33.5046    23.0000    80.0000     4.8000    10.8000     0.0016    70.0000
    36.3999    36.3087    14.7895   109.5272    37.3330    23.0000    80.0000     7.2000     1.2000     0.1304    67.8000
    36.4496    36.3351    14.7895   135.7501    20.0223    23.0000    80.0000     9.6000     1.2000     0.1257    66.2000
    36.4992    36.3616    14.7895   139.9992     2.8749    23.0000    80.0000    12.0000    12.0000     0.0583    64.0000
    36.5489    36.3880    14.7895   211.2113    28.9370    23.0000    80.0000     1.2000     1.2000     0.8800    61.2000
    36.5986    36.4144    14.7895   181.8002    21.8890    23.0000    80.0000     1.2000     6.0000     0.2525    59.6000
    36.6482    36.4408    14.7895   193.1479   -30.3812    23.0000    80.0000     4.8000     1.2000     0.3219    59.2000
    36.6979    36.4673    14.7895   287.0846   -43.5440    23.0000    80.0000     6.0000     1.2000     0.3987    57.4000
    36.7476    36.4937    14.7895   184.0424   -24.8230    23.0000    80.0000     1.2000     2.4000     0.5112    55.0000
    36.7972    36.5201    14.7895   222.9116    -3.4082    23.0000    80.0000     3.6000     1.2000     0.4644    52.8000
    36.8469    36.5466    14.7895   250.9582    -4.6510    23.0000    80.0000     6.0000     3.6000     0.2614    50.4000
    36.8966    36.5730    14.7895   187.2518     4.3466    23.0000    80.0000     1.2000     8.4000     0.1951    47.0000
    36.9462    36.5994    14.7895   177.4696     9.8125    23.0000    80.0000     7.2000     1.2000     0.2113    44.8000
    36.9959    36.6258    14.7895   122.0624   -19.3855    23.0000    80.0000     4.8000     1.2000     0.2034    44.6000
    37.0456    36.6523    14.7895   144.5250    27.6891    23.0000    80.0000     1.2000     2.4000     0.4015    42.8000
    36.0982    36.1609    20.6983     1.3317   -21.2485    23.0000    80.0000     6.0000    12.0000     0.0007    85.2277
    36.1479    36.1874    20.6983    13.5680    21.3112    23.0000    80.0000     8.4000     3.6000     0.0113    82.6287
    36.1975    36.2138    20.6983     5.3408    14.7293    23.0000    80.0000     9.6000     3.6000     0.0040    79.8293
    36.2472    36.2402    20.6983    19.3305    -2.4801    23.0000    80.0000     6.0000     7.2000     0.0146    77.0303
    36.2969    36.2667    20.6983    25.5458    38.4204    23.0000    80.0000     8.4000     2.4000     0.0237    74.0313
    36.3465    36.2931    20.6983    52.2783     0.4352    23.0000    80.0000     1.2000     6.0000     0.0726    71.4323
    36.3962    36.3195    20.6983    68.8140    -6.1744    23.0000    80.0000     3.6000     1.2000     0.1434    69.8333
    36.4459    36.3459    20.6983   123.8992   -43.9044    23.0000    80.0000     3.6000     1.2000     0.2581    68.2343
    36.4956    36.3724    20.6983   144.6120   -43.7903    23.0000    80.0000     3.6000     1.2000     0.3013    66.4357
    36.5452    36.3988    20.6983   118.7324   -11.1511    23.0000    80.0000    12.0000     7.2000     0.0618    64.0370
    36.5949    36.4252    20.6983    77.8008    25.8037    23.0000    80.0000    12.0000     7.2000     0.0405    62.6383
    36.6446    36.4516    20.6983    71.7213     0.9295    23.0000    80.0000     1.2000     1.2000     0.2988    61.0400
    36.6942    36.4781    20.6983   146.6129   -41.9930    23.0000    80.0000     3.6000     1.2000     0.3054    58.2417
    36.7439    36.5045    20.6983     3.1695   -10.5587    23.0000    80.0000     1.2000     7.2000     0.0038    55.2433
    36.7936    36.5309    20.6983    20.6600     7.6686    23.0000    80.0000     3.6000     4.8000     0.0246    52.0453
    36.8432    36.5574    20.6983   141.5276    -3.5009    23.0000    80.0000     2.4000     1.2000     0.3931    49.6477
    36.8929    36.5838    20.6983   137.3152     6.2565    23.0000    80.0000     7.2000     3.6000     0.1271    45.8500
    36.9426    36.6102    20.6983   152.4655    44.5301    23.0000    80.0000     2.4000     1.2000     0.4235    44.0527
    36.9923    36.6366    20.6983   128.9878     6.4407    23.0000    80.0000     3.6000     1.2000     0.2687    44.4557
    37.0419    36.6631    20.6983   143.3888   -29.1334    23.0000    80.0000     1.2000     1.2000     0.5975    42.8587
    36.0945    36.1717    26.6072    11.1196    37.9433    23.0000    80.0000     6.0000    10.8000     0.0066    87.3110
    36.1442    36.1982    26.6072    67.8306    44.1258    23.0000    80.0000     1.2000     1.2000     0.2826    83.9143
    36.1939    36.2246    26.6072    39.5887    37.2102    23.0000    80.0000    10.8000     8.4000     0.0206    80.3177
    36.2435    36.2510    26.6072    81.8498    43.2804    23.0000    80.0000     4.8000     1.2000     0.1364    77.3210
    36.2932    36.2775    26.6072   109.0914    26.2391    23.0000    80.0000     1.2000     1.2000     0.4545    74.3250
    36.3429    36.3039    26.6072   125.8316     9.8988    23.0000    80.0000     6.0000     8.4000     0.0874    72.7290
    36.3926    36.3303    26.6072   161.0309    -7.4665    23.0000    80.0000     8.4000     1.2000     0.1677    71.7333
    36.4422    36.3567    26.6072   137.5332    -0.5214    23.0000    80.0000     7.2000     4.8000     0.1146    70.3377
    36.4919    36.3832    26.6072   189.2584   -22.4829    23.0000    80.0000     9.6000     1.2000     0.1752    68.9427
    36.5416    36.4096    26.6072   172.3708   -21.2471    23.0000    80.0000     1.2000     1.2000     0.7182    67.1480
    36.5912    36.4360    26.6072   116.4638    26.1135    23.0000    80.0000    12.0000    10.8000     0.0511    65.1537
    36.6409    36.4625    26.6072    92.1848    37.7097    23.0000    80.0000    12.0000     9.6000     0.0427    62.1597
    36.6906    36.4889    26.6072    98.7699    44.6691    23.0000    80.0000     1.2000     6.0000     0.1372    58.3663
    36.7402    36.5153    26.6072    60.8812    43.5650    23.0000    80.0000     2.4000     1.2000     0.1691    54.9737
    36.7899    36.5417    26.6072    59.1194    25.4431    23.0000    80.0000     9.6000     9.6000     0.0308    51.9813
    36.8396    36.5682    26.6072   139.6006    39.5362    23.0000    80.0000     1.2000     1.2000     0.5817    48.9900
    36.8893    36.5946    26.6072    51.1118    22.8595    23.0000    80.0000     1.2000     1.2000     0.2130    46.1997
    36.9389    36.6210    26.6072    40.5590    38.1863    23.0000    80.0000     1.2000     1.2000     0.1690    45.6100
    36.9886    36.6475    26.6072    52.3889    36.4427    23.0000    80.0000     3.6000     1.2000     0.1091    45.6217
    37.0383    36.6739    26.6072    59.0086   -33.7198    23.0000    80.0000    12.0000     1.2000     0.0447    44.2343
    36.0909    36.1826    32.5160    12.2962   -36.0900    23.0000    80.0000     9.6000     8.4000     0.0068    87.8497
    36.1405    36.2090    32.5160    30.0282   -30.0095    23.0000    80.0000     1.2000     8.4000     0.0313    85.0567
    36.1902    36.2354    32.5160    58.1864    27.8439    23.0000    80.0000    12.0000     1.2000     0.0441    81.4643
    36.2399    36.2618    32.5160    31.4199    25.8781    23.0000    80.0000     3.6000     1.2000     0.0655    77.6720
    36.2896    36.2883    32.5160   100.7309   -43.8893    23.0000    80.0000     1.2000     1.2000     0.4197    74.4807
    36.3392    36.3147    32.5160   107.2245   -26.5878    23.0000    80.0000     2.4000     6.0000     0.1276    73.2897
    36.3889    36.3411    32.5160   118.9169    -3.2524    23.0000    80.0000     7.2000     1.2000     0.1416    72.6993
    36.4386    36.3676    32.5160   137.0542    11.5671    23.0000    80.0000     6.0000     1.2000     0.1904    71.7097
    36.4882    36.3940    32.5160   123.5236    13.3609    23.0000    80.0000     7.2000     1.2000     0.1471    70.7207
    36.5379    36.4204    32.5160   126.8614    32.3908    23.0000    80.0000     8.4000     1.2000     0.1321    68.7323
    36.5876    36.4468    32.5160   113.3708    26.9322    23.0000    80.0000    10.8000     1.2000     0.0945    66.3450
    36.6372    36.4733    32.5160    84.3630    26.9680    23.0000    80.0000    12.0000     1.2000     0.0639    62.9587
    36.6869    36.4997    32.5160   100.5288    44.8030    23.0000    80.0000     1.2000     1.2000     0.4189    58.5737
    36.7366    36.5261    32.5160   165.7629    -7.8019    23.0000    80.0000     1.2000     3.6000     0.3453    54.9897
    36.7863    36.5526    32.5160   120.2644   -15.1435    23.0000    80.0000     3.6000     1.2000     0.2506    52.0073
    36.8359    36.5790    32.5160    81.7155    39.0376    23.0000    80.0000     2.4000     1.2000     0.2270    49.2263
    36.8856    36.6054    32.5160    19.0664   -33.1558    23.0000    80.0000     8.4000     3.6000     0.0159    47.4473
    36.9353    36.6318    32.5160    62.0231   -42.8513    23.0000    80.0000     1.2000     1.2000     0.2584    47.6707
    36.9849    36.6583    32.5160    39.7021    -7.3776    23.0000    80.0000     2.4000     1.2000     0.1103    47.0967
    37.0346    36.6847    32.5160    27.3396   -38.6058    23.0000    80.0000     6.0000     9.6000     0.0175    45.5253
    36.0872    36.1934    38.4249     1.2083    44.2180    23.0000    80.0000     8.4000     8.4000     0.0007    88.8430
    36.1369    36.2198    38.4249    19.2886   -12.6656    23.0000    80.0000     1.2000     6.0000     0.0268    85.4557
    36.1866    36.2462    38.4249     3.4268   -21.3215    23.0000    80.0000     8.4000     3.6000     0.0029    81.8690
    36.2362    36.2727    38.4249     1.8905    43.7178    23.0000    80.0000     9.6000     2.4000     0.0016    77.8830
    36.2859    36.2991    38.4249     5.0465   -21.2683    23.0000    80.0000     2.4000     6.0000     0.0060    74.8980
    36.3356    36.3255    38.4249     2.1332    28.7481    23.0000    80.0000     1.2000     2.4000     0.0059    73.5140
    36.3852    36.3519    38.4249     8.0475    25.2075    23.0000    80.0000     8.4000     1.2000     0.0084    72.5310
    36.4349    36.3784    38.4249     8.7282    42.5008    23.0000    80.0000     1.2000     3.6000     0.0182    72.1490
    36.4846    36.4048    38.4249    17.3833    28.5350    23.0000    80.0000     2.4000     7.2000     0.0181    70.9687
    36.5342    36.4312    38.4249     7.9267   -35.2904    23.0000    80.0000     8.4000     6.0000     0.0055    69.5893
    36.5839    36.4577    38.4249     6.7948    21.8569    23.0000    80.0000    10.8000     6.0000     0.0040    66.8117
    36.6336    36.4841    38.4249    12.2068    42.4470    23.0000    80.0000    12.0000     7.2000     0.0064    63.2360
    36.6833    36.5105    38.4249    54.4317    -5.9357    23.0000    80.0000    12.0000    12.0000     0.0227    58.2620
    36.7329    36.5369    38.4249   166.0426    -3.1181    23.0000    80.0000     1.2000     1.2000     0.6918    54.0903
    36.7826    36.5634    38.4249   143.4178   -14.1531    23.0000    80.0000     4.8000     1.2000     0.2390    51.7213
    36.8323    36.5898    38.4249    60.9214   -21.0910    23.0000    80.0000     3.6000     1.2000     0.1269    49.5550
    36.8819    36.6162    38.4249     2.6847   -26.5491    23.0000    80.0000     2.4000     9.6000     0.0022    48.9920
    36.9316    36.6427    38.4249     7.7561    -6.0000    23.0000    80.0000    10.8000     4.8000     0.0050    48.4330
    36.9813    36.6691    38.4249     5.9407    11.1375    23.0000    80.0000    12.0000     4.8000     0.0035    47.8783
    37.0309    36.6955    38.4249     2.1841   -27.5975    23.0000    80.0000     3.6000     1.2000     0.0046    46.7287
#Fault_segment =   6 nx(Along-strike)=  18 Dx=  6.00km ny(downdip)=   7 Dy=  6.00km
#Boundary of Fault_segment     6
#Lon.  Lat.  Depth
       38.82330       38.20620        0.60438
       37.70410       37.83090        0.60438
       37.64210       37.94640       38.94380
       38.76130       38.32170       38.94380
       38.82330       38.20620        0.60438
#Lat. Lon. depth slip rake strike dip t_left t_right    (rise_time=t_left+t_right),sliprate,time
    38.2045    38.7945     2.8596   201.1257   -35.1128   247.0000    70.0000     3.6000     9.6000     0.1524    73.3250
    38.1834    38.7317     2.8596   106.6908    -9.8310   247.0000    70.0000    10.8000     1.2000     0.0889    69.5290
    38.1624    38.6688     2.8596    75.0256   -23.9015   247.0000    70.0000     6.0000     4.8000     0.0695    65.9333
    38.1413    38.6059     2.8596    28.6502    14.2955   247.0000    70.0000    10.8000     3.6000     0.0199    63.5377
    38.1202    38.5430     2.8596    63.0629   -39.6236   247.0000    70.0000     1.2000     4.8000     0.1051    60.1427
    38.0991    38.4802     2.8596    66.4035   -17.8847   247.0000    70.0000     9.6000     1.2000     0.0615    55.3480
    38.0780    38.4173     2.8596    27.6611    35.3994   247.0000    70.0000    12.0000    10.8000     0.0121    50.1537
    38.0569    38.3544     2.8596   259.4389     7.0267   247.0000    70.0000     1.2000     7.2000     0.3089    44.9597
    38.0359    38.2915     2.8596   693.6691    -0.7482   247.0000    70.0000     1.2000    10.8000     0.5781    39.9663
    38.0148    38.2286     2.8596   722.6416   -11.6400   247.0000    70.0000     2.4000     9.6000     0.6022    38.3737
    37.9937    38.1658     2.8596   478.5558   -18.6432   247.0000    70.0000     3.6000     8.4000     0.3988    37.1813
    37.9726    38.1029     2.8596   331.5011   -28.9605   247.0000    70.0000     1.2000    12.0000     0.2511    36.3900
    37.9515    38.0400     2.8596   256.3572   -13.6509   247.0000    70.0000     6.0000     2.4000     0.3052    36.5997
    37.9304    37.9771     2.8596   194.8228   -39.9484   247.0000    70.0000     2.4000     3.6000     0.3247    39.0100
    37.9094    37.9143     2.8596   169.7464   -33.4992   247.0000    70.0000     2.4000     3.6000     0.2829    38.8217
    37.8883    37.8514     2.8596   165.7039   -11.5992   247.0000    70.0000     2.4000     3.6000     0.2762    36.4343
    37.8672    37.7885     2.8596   292.4377   -10.4056   247.0000    70.0000     8.4000     3.6000     0.2437    31.8490
    37.8461    37.7256     2.8596   351.2444    -3.0783   247.0000    70.0000     3.6000     3.6000     0.4878    27.0655
    38.2215    38.7854     8.4978   123.0560   -15.4051   247.0000    70.0000    12.0000    12.0000     0.0513    73.4313
    38.2004    38.7225     8.4978   127.3049    -1.1542   247.0000    70.0000     1.2000     2.4000     0.3536    69.8323
    38.1794    38.6597     8.4978   105.6352   -44.5694   247.0000    70.0000     2.4000     1.2000     0.2934    66.0333
    38.1583    38.5968     8.4978     3.9791   -39.0686   247.0000    70.0000     7.2000     9.6000     0.0024    63.6343
    38.1372    38.5339     8.4978     0.4695   -42.9084   247.0000    70.0000     4.8000     2.4000     0.0007    61.4357
    38.1161    38.4710     8.4978    56.5768    17.2933   247.0000    70.0000     4.8000     4.8000     0.0589    57.6370
    38.0950    38.4081     8.4978     9.6864    -5.2150   247.0000    70.0000    10.8000    10.8000     0.0045    52.6383
    38.0739    38.3453     8.4978   257.1161   -17.0121   247.0000    70.0000     2.4000     1.2000     0.7142    47.6400
    38.0528    38.2824     8.4978   784.4513     0.1150   247.0000    70.0000     3.6000     6.0000     0.8171    41.4417
    38.0318    38.2195     8.4978   776.0421    -8.4831   247.0000    70.0000     2.4000     9.6000     0.6467    40.0433
    38.0107    38.1566     8.4978   533.0716    -9.7003   247.0000    70.0000     1.2000     7.2000     0.6346    37.4453
    37.9896    38.0938     8.4978   370.3525   -21.6110   247.0000    70.0000     7.2000     3.6000     0.3429    36.8477
    37.9685    38.0309     8.4978   356.9360     2.4313   247.0000    70.0000     1.2000     4.8000     0.5949    34.4500
    37.9474    37.9680     8.4978   135.6512   -41.8496   247.0000    70.0000     1.2000     2.4000     0.3768    36.4527
    37.9263    37.9051     8.4978   207.1340   -32.9903   247.0000    70.0000     7.2000     2.4000     0.2158    37.2557
    37.9053    37.8423     8.4978   219.4577   -38.3460   247.0000    70.0000     7.2000     2.4000     0.2286    34.8587
    37.8842    37.7794     8.4978   384.3651   -19.0615   247.0000    70.0000    12.0000    12.0000     0.1602    30.8624
    37.8631    37.7165     8.4978   509.5638   -14.0337   247.0000    70.0000     1.2000     6.0000     0.7077    25.2666
    38.2385    38.7763    14.1359    92.1327    43.2454   247.0000    70.0000     6.0000     1.2000     0.1280    73.4000
    38.2174    38.7134    14.1359    22.0114    44.0354   247.0000    70.0000     7.2000     7.2000     0.0153    70.6000
    38.1963    38.6505    14.1359     3.5922    24.6132   247.0000    70.0000     8.4000     4.8000     0.0027    67.4000
    38.1753    38.5876    14.1359     1.0033   -38.0970   247.0000    70.0000     8.4000     9.6000     0.0006    64.6000
    38.1542    38.5248    14.1359    33.6391    12.3735   247.0000    70.0000    12.0000     3.6000     0.0216    62.6000
    38.1331    38.4619    14.1359    98.4098     9.0844   247.0000    70.0000     1.2000     3.6000     0.2050    59.8000
    38.1120    38.3990    14.1359    23.7874    31.7888   247.0000    70.0000     6.0000     1.2000     0.0330    55.4000
    38.0909    38.3361    14.1359    22.6851   -12.1803   247.0000    70.0000     9.6000    10.8000     0.0111    51.2000
    38.0698    38.2733    14.1359   215.5057    -0.6283   247.0000    70.0000    12.0000    12.0000     0.0898    47.0000
    38.0488    38.2104    14.1359   281.8284   -13.8303   247.0000    70.0000     2.4000     2.4000     0.5871    45.6000
    38.0277    38.1475    14.1359   168.9152    -8.1119   247.0000    70.0000     1.2000     2.4000     0.4692    43.8000
    38.0066    38.0846    14.1359   150.0021    -9.4267   247.0000    70.0000     6.0000     1.2000     0.2083    42.2000
    37.9855    38.0218    14.1359   194.9278    -5.0358   247.0000    70.0000     1.2000     3.6000     0.4061    40.0000
    37.9644    37.9589    14.1359   187.9387   -36.2951   247.0000    70.0000     6.0000     2.4000     0.2237    39.6000
    37.9433    37.8960    14.1359   174.9057   -22.2047   247.0000    70.0000     7.2000     1.2000     0.2082    38.6000
    37.9223    37.8331    14.1359   162.0131   -39.8400   247.0000    70.0000     1.2000     1.2000     0.6751    35.0000
    37.9012    37.7703    14.1359   294.4803   -30.4484   247.0000    70.0000     1.2000     1.2000     1.2270    32.0000
    37.8801    37.7074    14.1359   387.4843   -30.0973   247.0000    70.0000     3.6000     3.6000     0.5382    28.0000
    38.2555    38.7671    19.7741     4.3349    32.7875   247.0000    70.0000    10.8000     7.2000     0.0024    74.0313
    38.2344    38.7043    19.7741     2.6364   -41.0263   247.0000    70.0000     1.2000     2.4000     0.0073    71.6323
    38.2133    38.6414    19.7741    17.7703   -34.7166   247.0000    70.0000     1.2000     1.2000     0.0740    68.8333
    38.1922    38.5785    19.7741     4.5227   -38.9572   247.0000    70.0000     4.8000     2.4000     0.0063    65.6343
    38.1712    38.5156    19.7741     0.1995    26.6108   247.0000    70.0000     2.4000     2.4000     0.0004    63.6357
    38.1501    38.4528    19.7741     1.4891    17.8669   247.0000    70.0000     2.4000     7.2000     0.0016    61.6370
    38.1290    38.3899    19.7741    10.1054   -39.2080   247.0000    70.0000    10.8000     7.2000     0.0056    57.8383
    38.1079    38.3270    19.7741    11.4223   -20.9997   247.0000    70.0000    12.0000     4.8000     0.0068    54.2400
    38.0868    38.2641    19.7741     4.0001   -42.7395   247.0000    70.0000     3.6000     1.2000     0.0083    51.2417
    38.0657    38.2013    19.7741    56.6782   -29.1224   247.0000    70.0000     4.8000     1.2000     0.0945    50.2433
    38.0447    38.1384    19.7741    97.4520    43.7653   247.0000    70.0000     2.4000     1.2000     0.2707    49.0453
    38.0236    38.0755    19.7741    20.7044    14.8694   247.0000    70.0000     3.6000     2.4000     0.0345    47.2477
    38.0025    38.0126    19.7741    67.0691    -4.7442   247.0000    70.0000     2.4000     1.2000     0.1863    45.2500
    37.9814    37.9498    19.7741   136.2732   -26.9490   247.0000    70.0000     2.4000     1.2000     0.3785    43.8527
    37.9603    37.8869    19.7741   111.7281   -32.9348   247.0000    70.0000     9.6000     2.4000     0.0931    41.6557
    37.9392    37.8240    19.7741   102.1575   -43.8963   247.0000    70.0000    12.0000     2.4000     0.0709    37.8587
    37.9182    37.7611    19.7741   150.4849   -25.7061   247.0000    70.0000     1.2000     4.8000     0.2508    33.6624
    37.8971    37.6982    19.7741   208.8760    -7.2921   247.0000    70.0000     1.2000     6.0000     0.2901    30.0666
    38.2725    38.7580    25.4123    43.8758   -41.6045   247.0000    70.0000    12.0000     1.2000     0.0332    74.5250
    38.2514    38.6951    25.4123     0.7820   -13.5560   247.0000    70.0000     1.2000     3.6000     0.0016    72.5290
    38.2303    38.6323    25.4123     5.4800   -23.8476   247.0000    70.0000     2.4000     1.2000     0.0152    69.7333
    38.2092    38.5694    25.4123     3.1597     7.3130   247.0000    70.0000    12.0000     2.4000     0.0022    66.3377
    38.1881    38.5065    25.4123     5.3376   -41.9566   247.0000    70.0000     3.6000    10.8000     0.0037    64.3427
    38.1671    38.4436    25.4123    90.8963   -42.7418   247.0000    70.0000     3.6000     6.0000     0.0947    62.5480
    38.1460    38.3808    25.4123   140.9863   -43.5214   247.0000    70.0000    10.8000     1.2000     0.1175    59.3537
    38.1249    38.3179    25.4123   196.1419   -38.2220   247.0000    70.0000    12.0000     1.2000     0.1486    55.7597
    38.1038    38.2550    25.4123   128.2510    -9.9705   247.0000    70.0000     3.6000     1.2000     0.2672    52.9663
    38.0827    38.1921    25.4123    93.3975   -33.2980   247.0000    70.0000     1.2000     2.4000     0.2594    51.7737
    38.0616    38.1293    25.4123     4.4079    18.0225   247.0000    70.0000     7.2000     8.4000     0.0028    51.5813
    38.0406    38.0664    25.4123    26.1298   -26.5984   247.0000    70.0000     8.4000     9.6000     0.0145    50.7900
    38.0195    38.0035    25.4123    51.3369   -43.2283   247.0000    70.0000     8.4000     2.4000     0.0475    49.7997
    37.9984    37.9406    25.4123    87.2407   -41.0674   247.0000    70.0000     7.2000    10.8000     0.0485    47.8100
    37.9773    37.8778    25.4123    52.3245   -44.0344   247.0000    70.0000     1.2000     8.4000     0.0545    44.4217
    37.9562    37.8149    25.4123    11.3342    34.8574   247.0000    70.0000     6.0000     3.6000     0.0118    39.8343
    37.9351    37.7520    25.4123    33.5388     1.6742   247.0000    70.0000     9.6000     1.2000     0.0311    34.8490
    37.9141    37.6891    25.4123   111.6427    42.5907   247.0000    70.0000     1.2000     3.6000     0.2326    30.2655
    38.2895    38.7489    31.0504    14.7984    43.7138   247.0000    70.0000     4.8000     3.6000     0.0176    75.4807
    38.2684    38.6860    31.0504    44.2170   -44.0338   247.0000    70.0000     1.2000     1.2000     0.1842    73.4897
    38.2473    38.6231    31.0504     8.6538   -43.3446   247.0000    70.0000     4.8000     3.6000     0.0103    70.4993
    38.2262    38.5603    31.0504    29.1685    25.5601   247.0000    70.0000     2.4000     1.2000     0.0810    67.3097
    38.2051    38.4974    31.0504    62.6039   -44.7896   247.0000    70.0000     1.2000     1.2000     0.2608    64.7207
    38.1841    38.4345    31.0504   118.9477   -43.9194   247.0000    70.0000    12.0000    12.0000     0.0496    62.7323
    38.1630    38.3716    31.0504   127.8989   -44.2917   247.0000    70.0000    12.0000    12.0000     0.0533    59.9450
    38.1419    38.3088    31.0504   164.1310   -44.3601   247.0000    70.0000     1.2000     4.8000     0.2736    55.9587
    38.1208    38.2459    31.0504   141.8549   -26.3779   247.0000    70.0000     3.6000     1.2000     0.2955    53.1737
    38.0997    38.1830    31.0504   188.6857   -39.9845   247.0000    70.0000     1.2000     2.4000     0.5241    51.5897
    38.0786    38.1201    31.0504    48.8414   -32.4532   247.0000    70.0000     1.2000     8.4000     0.0509    51.8073
    38.0576    38.0573    31.0504    32.2552   -34.0708   247.0000    70.0000     4.8000     1.2000     0.0538    52.8263
    38.0365    37.9944    31.0504   100.4908   -25.5768   247.0000    70.0000     3.6000     2.4000     0.1675    52.2473
    38.0154    37.9315    31.0504   122.4143   -30.5452   247.0000    70.0000     1.2000     4.8000     0.2040    50.2707
    37.9943    37.8686    31.0504    36.0704    -2.2168   247.0000    70.0000     6.0000     4.8000     0.0334    46.2967
    37.9732    37.8057    31.0504     6.9571    -5.3790   247.0000    70.0000     7.2000     2.4000     0.0072    40.9253
    37.9521    37.7429    31.0504    22.6754   -23.7889   247.0000    70.0000     2.4000     3.6000     0.0378    35.5576
    37.9310    37.6800    31.0504    70.5078    43.8091   247.0000    70.0000     1.2000     1.2000     0.2938    30.5941
    38.3065    38.7398    36.6886    14.4481     6.0623   247.0000    70.0000     7.2000     1.2000     0.0172    76.0980
    38.2854    38.6769    36.6886     8.8056   -12.0941   247.0000    70.0000     9.6000     2.4000     0.0073    73.3140
    38.2643    38.6140    36.6886     3.4559   -34.6463   247.0000    70.0000    12.0000     4.8000     0.0021    70.7310
    38.2432    38.5511    36.6886     0.4057    21.4074   247.0000    70.0000     3.6000    10.8000     0.0003    67.9490
    38.2221    38.4883    36.6886     0.3664   -11.9630   247.0000    70.0000     3.6000    12.0000     0.0002    65.7687
    38.2010    38.4254    36.6886    24.4181    26.3672   247.0000    70.0000     1.2000     6.0000     0.0339    62.7893
    38.1800    38.3625    36.6886    12.2517   -15.1312   247.0000    70.0000     7.2000     9.6000     0.0073    59.8117
    38.1589    38.2996    36.6886    74.3814   -44.3437   247.0000    70.0000     3.6000     1.2000     0.1550    56.4360
    38.1378    38.2368    36.6886    60.7064   -34.7444   247.0000    70.0000    10.8000     2.4000     0.0460    53.6620
    38.1167    38.1739    36.6886   100.9812     0.4494   247.0000    70.0000     2.4000     1.2000     0.2805    52.2903
    38.0956    38.1110    36.6886     9.4058    42.2500   247.0000    70.0000     9.6000     6.0000     0.0060    52.7213
    38.0745    38.0481    36.6886    27.2195    31.6039   247.0000    70.0000    10.8000     8.4000     0.0142    54.3550
    38.0535    37.9852    36.6886    46.8114    -3.9610   247.0000    70.0000     1.2000     2.4000     0.1300    54.3920
    38.0324    37.9224    36.6886    70.1125   -30.3798   247.0000    70.0000     1.2000     2.4000     0.1948    52.4330
    38.0113    37.8595    36.6886    28.1496     0.4711   247.0000    70.0000     6.0000     9.6000     0.0180    47.8783
    37.9902    37.7966    36.6886     4.4961    19.4186   247.0000    70.0000     7.2000    12.0000     0.0023    41.9287
    37.9691    37.7337    36.6886    19.0851    -5.5712   247.0000    70.0000     1.2000     1.2000     0.0795    36.3848
    37.9480    37.6709    36.6886     9.8614   -19.8533   247.0000    70.0000     6.0000     9.6000     0.0063    31.4484
