#Total number of fault_segments=     5
#Fault_segment =   1 nx(Along-strike)=  17 Dx=  5.00km ny(downdip)=   9 Dy=  5.00km
#Boundary of Fault_segment     1
#Lon.  Lat.  Depth
       37.72090       37.93590        1.44184
       36.78270       38.09300        1.44184
       36.81840       38.22540       42.78830
       37.75660       38.06830       42.78830
       37.72090       37.93590        1.44184
#Lat. Lon. depth slip rake strike dip t_left t_right    (rise_time=t_left+t_right),sliprate,time
    37.9457    37.7002     3.3212    14.0886    77.3144   282.0000    70.0000     2.4000     2.4000     0.0294    21.1271
    37.9550    37.6444     3.3212     3.5999    -6.2108   282.0000    70.0000     6.4000     0.8000     0.0050    17.6682
    37.9644    37.5885     3.3212    26.0382    88.7184   282.0000    70.0000     4.0000     0.8000     0.0542    13.8115
    37.9737    37.5327     3.3212    11.2368   -49.4722   282.0000    70.0000     3.2000     1.6000     0.0234    10.5582
    37.9831    37.4768     3.3212   115.2014    50.2565   282.0000    70.0000     3.2000     6.4000     0.1200     7.7104
    37.9924    37.4210     3.3212   193.9271    45.1092   282.0000    70.0000     5.6000     8.0000     0.1426     7.0722
    38.0018    37.3651     3.3212   345.5886    49.0906   282.0000    70.0000     8.0000     4.0000     0.2880     6.8534
    38.0111    37.3093     3.3212   549.2016    44.1815   282.0000    70.0000     8.0000     8.0000     0.3433     4.4830
    38.0205    37.2534     3.3212   562.1738    22.4451   282.0000    70.0000     6.4000     4.0000     0.5406     2.0856
    38.0298    37.1976     3.3212   387.4773   -10.6242   282.0000    70.0000     3.2000     4.8000     0.4843     1.5744
    38.0392    37.1417     3.3212   458.6014   -25.5873   282.0000    70.0000     4.0000     5.6000     0.4777     2.4037
    38.0485    37.0859     3.3212   875.4391   -16.0613   282.0000    70.0000     6.4000     4.8000     0.7816     3.9016
    38.0579    37.0300     3.3212   407.2269     2.1723   282.0000    70.0000     8.0000     4.8000     0.3181     6.8975
    38.0672    36.9742     3.3212   166.7668    45.2489   282.0000    70.0000     4.0000     3.2000     0.2316     8.3259
    38.0766    36.9184     3.3212    46.2808    83.7174   282.0000    70.0000     3.2000     3.2000     0.0723     9.5686
    38.0859    36.8625     3.3212    30.4193    -0.7565   282.0000    70.0000     6.4000     1.6000     0.0380    10.6190
    38.0953    36.8067     3.3212    36.2233    29.6255   282.0000    70.0000     5.6000     1.6000     0.0503    12.2738
    37.9607    37.7043     8.0197    30.3575   -34.4528   282.0000    70.0000     1.6000     5.6000     0.0422    20.2705
    37.9701    37.6484     8.0197    24.1751    14.4057   282.0000    70.0000     6.4000     2.4000     0.0275    17.2043
    37.9794    37.5926     8.0197    38.6238    82.4529   282.0000    70.0000     0.8000     3.2000     0.0966    14.1382
    37.9888    37.5367     8.0197    21.5547    71.0132   282.0000    70.0000     6.4000     1.6000     0.0269    10.4724
    37.9981    37.4809     8.0197   201.4141     9.6613   282.0000    70.0000     0.8000     2.4000     0.6294     6.4069
    38.0075    37.4250     8.0197   422.6809    -2.6713   282.0000    70.0000     0.8000     5.6000     0.6604     5.9421
    38.0168    37.3692     8.0197   581.9611    15.7855   282.0000    70.0000     1.6000     6.4000     0.7275     5.4786
    38.0262    37.3133     8.0197   933.7474    28.7902   282.0000    70.0000     7.2000     8.0000     0.6143     3.0185
    38.0355    37.2575     8.0197  1094.4045    21.7148   282.0000    70.0000     4.8000     4.0000     1.2436     1.7744
    38.0449    37.2016     8.0197   711.7288     8.7789   282.0000    70.0000     1.6000     6.4000     0.8897     0.4714
    38.0542    37.1458     8.0197   581.2183   -12.2677   282.0000    70.0000     1.6000     4.8000     0.9082     1.4276
    38.0636    37.0900     8.0197  1019.4781   -23.0613   282.0000    70.0000     2.4000     8.0000     0.9803     3.4818
    38.0729    37.0341     8.0197   509.8359   -15.9259   282.0000    70.0000     4.8000     4.0000     0.5794     5.7437
    38.0823    36.9783     8.0197   148.1284     7.5790   282.0000    70.0000     8.0000     2.4000     0.1424     7.2079
    38.0916    36.9224     8.0197    53.0317    29.1932   282.0000    70.0000     1.6000     1.6000     0.1657     8.8731
    38.1010    36.8666     8.0197   161.7667   -49.1921   282.0000    70.0000     2.4000     5.6000     0.2022     9.7387
    38.1103    36.8107     8.0197   127.6262   -46.4038   282.0000    70.0000     0.8000     3.2000     0.3191    11.0046
    37.9758    37.7083    12.7182   124.7924    68.2076   282.0000    70.0000     6.4000     0.8000     0.1733    20.0024
    37.9851    37.6525    12.7182    91.6951    85.2011   282.0000    70.0000     0.8000     1.6000     0.3821    17.5529
    37.9945    37.5966    12.7182   107.9671    82.1230   282.0000    70.0000     3.2000     1.6000     0.2249    15.3085
    38.0038    37.5408    12.7182    44.1974    82.8692   282.0000    70.0000     4.0000     4.8000     0.0502    12.0714
    38.0132    37.4849    12.7182   307.2733    -1.5140   282.0000    70.0000     0.8000     4.0000     0.6402     8.2462
    38.0225    37.4291    12.7182   611.3045    -9.7002   282.0000    70.0000     0.8000     3.2000     1.5283     4.0416
    38.0319    37.3732    12.7182   737.9552     0.7269   282.0000    70.0000     0.8000     3.2000     1.8449     4.4772
    38.0412    37.3174    12.7182   876.4586    11.9198   282.0000    70.0000     0.8000     5.6000     1.3695     2.2056
    38.0506    37.2616    12.7182   792.7896    16.1779   282.0000    70.0000     1.6000     3.2000     1.6516     2.6037
    38.0599    37.2057    12.7182   462.4810    -0.0583   282.0000    70.0000     0.8000     3.2000     1.1562     1.4276
    38.0693    37.1499    12.7182   416.5654   -31.0541   282.0000    70.0000     6.4000     0.8000     0.5786     2.6284
    38.0786    37.0940    12.7182   769.2700   -35.2722   282.0000    70.0000     0.8000     3.2000     1.9232     2.7767
    38.0880    37.0382    12.7182   440.9880   -34.1117   282.0000    70.0000     4.0000     1.6000     0.7875     4.8960
    38.0973    36.9823    12.7182   232.1142   -27.5042   282.0000    70.0000     0.8000     2.4000     0.7254     4.6801
    38.1067    36.9265    12.7182   250.5236   -33.4661   282.0000    70.0000     0.8000     2.4000     0.7829     7.4944
    38.1160    36.8706    12.7182   528.1017   -40.7552   282.0000    70.0000     0.8000     4.0000     1.1002     7.7251
    38.1254    36.8148    12.7182   384.7631   -43.4387   282.0000    70.0000     0.8000     4.0000     0.8016     9.9655
    37.9908    37.7124    17.4166   151.7748    15.9394   282.0000    70.0000     1.6000     2.4000     0.3794    20.3181
    38.0002    37.6565    17.4166   159.5824     2.9689   282.0000    70.0000     1.6000     1.6000     0.4987    18.3072
    38.0095    37.6007    17.4166    79.3618    73.2876   282.0000    70.0000     1.6000     0.8000     0.3307    16.5117
    38.0189    37.5448    17.4166    80.1793    55.6275   282.0000    70.0000     0.8000     1.6000     0.3341    14.1387
    38.0282    37.4890    17.4166   165.3823    23.6382   282.0000    70.0000     8.0000     8.0000     0.1034    11.6003
    38.0376    37.4332    17.4166   354.6769     3.6394   282.0000    70.0000     0.8000     4.8000     0.6334     7.7182
    38.0469    37.3773    17.4166   500.5588     1.4054   282.0000    70.0000     4.8000     2.4000     0.6952     5.9348
    38.0563    37.3215    17.4166   518.4750     8.1901   282.0000    70.0000     4.0000     5.6000     0.5401     4.7376
    38.0656    37.2656    17.4166   382.3829    13.5477   282.0000    70.0000     3.2000     2.4000     0.6828     4.5016
    38.0750    37.2098    17.4166   195.9137   -32.4042   282.0000    70.0000     0.8000     0.8000     1.2245     3.4818
    38.0843    37.1539    17.4166   211.1179   -51.7011   282.0000    70.0000     3.2000     0.8000     0.5278     4.3767
    38.0937    37.0981    17.4166   264.5561   -53.4484   282.0000    70.0000     1.6000     3.2000     0.5512     5.1854
    38.1030    37.0422    17.4166   131.9187   -45.3353   282.0000    70.0000     2.4000     0.8000     0.4122     6.6722
    38.1124    36.9864    17.4166   150.5423   -14.3700   282.0000    70.0000     0.8000     0.8000     0.9409     6.9022
    38.1217    36.9305    17.4166   283.0873   -29.0478   282.0000    70.0000     1.6000     1.6000     0.8846     7.8104
    38.1311    36.8747    17.4166   452.7582   -28.0774   282.0000    70.0000     2.4000     0.8000     1.4149     9.1646
    38.1404    36.8188    17.4166   208.8091   -33.5480   282.0000    70.0000     0.8000     0.8000     1.3051    12.5477
    38.0059    37.7164    22.1151    87.2719    10.6785   282.0000    70.0000     2.4000     1.6000     0.2182    20.2063
    38.0152    37.6606    22.1151   104.7317    42.3111   282.0000    70.0000     4.0000     5.6000     0.1091    18.4515
    38.0246    37.6047    22.1151    74.5693    50.0057   282.0000    70.0000     1.6000     6.4000     0.0932    16.9255
    38.0339    37.5489    22.1151   149.3640    85.7607   282.0000    70.0000     1.6000     2.4000     0.3734    14.6403
    38.0433    37.4931    22.1151   170.2789    69.7196   282.0000    70.0000     2.4000     6.4000     0.1935    13.0148
    38.0526    37.4372    22.1151   184.4147    33.3955   282.0000    70.0000     6.4000     0.8000     0.2561     9.0798
    38.0620    37.3814    22.1151   233.5685    18.7639   282.0000    70.0000     0.8000     8.0000     0.2654     7.0868
    38.0713    37.3255    22.1151   266.1194    18.7321   282.0000    70.0000     2.4000     0.8000     0.8316     6.9192
    38.0807    37.2697    22.1151   134.2113    35.5205   282.0000    70.0000     0.8000     0.8000     0.8388     5.8975
    38.0900    37.2138    22.1151   116.2771    -5.7584   282.0000    70.0000     0.8000     3.2000     0.2907     5.3437
    38.0994    37.1580    22.1151   105.9833     9.8480   282.0000    70.0000     1.6000     0.8000     0.4416     5.6960
    38.1087    37.1021    22.1151    66.3441   -53.6260   282.0000    70.0000     8.0000     3.2000     0.0592     6.4722
    38.1181    37.0463    22.1151     3.4144   -36.3908   282.0000    70.0000     0.8000     5.6000     0.0053     8.1425
    38.1274    36.9904    22.1151    21.8648    34.9101   282.0000    70.0000     4.0000     0.8000     0.0456     8.8003
    38.1368    36.9346    22.1151    86.1464   -32.8660   282.0000    70.0000     5.6000     0.8000     0.1346    10.1762
    38.1461    36.8787    22.1151   102.1809   -16.8382   282.0000    70.0000     0.8000     4.8000     0.1825    11.6285
    38.1555    36.8229    22.1151    27.2363    68.1398   282.0000    70.0000     1.6000     2.4000     0.0681    14.7318
    38.0209    37.7205    26.8135    70.4928    17.9238   282.0000    70.0000     4.0000     1.6000     0.1259    20.0515
    38.0303    37.6647    26.8135   163.1143    41.5507   282.0000    70.0000     2.4000     1.6000     0.4078    17.7648
    38.0396    37.6088    26.8135   163.2354    22.7123   282.0000    70.0000     4.8000     6.4000     0.1457    16.5208
    38.0490    37.5530    26.8135   133.3699    37.1051   282.0000    70.0000     8.0000     5.6000     0.0981    15.7350
    38.0583    37.4971    26.8135   261.9654    59.0510   282.0000    70.0000     2.4000     0.8000     0.8186    14.4301
    38.0677    37.4413    26.8135   131.1904    66.4415   282.0000    70.0000     0.8000     0.8000     0.8199    10.0399
    38.0770    37.3854    26.8135   141.4281    70.9424   282.0000    70.0000     8.0000     0.8000     0.1607     8.4130
    38.0864    37.3296    26.8135   137.3460    44.1519   282.0000    70.0000     6.4000     0.8000     0.1908     8.0158
    38.0957    37.2737    26.8135    31.1792    58.9359   282.0000    70.0000     6.4000     5.6000     0.0260     7.7259
    38.1051    37.2179    26.8135    15.5217    82.3922   282.0000    70.0000     4.8000     7.2000     0.0129     7.4079
    38.1144    37.1620    26.8135   165.2796    63.2363   282.0000    70.0000     0.8000     0.8000     1.0330     7.0801
    38.1237    37.1062    26.8135    82.7938     3.0710   282.0000    70.0000     0.8000     1.6000     0.3450     7.9022
    38.1331    37.0503    26.8135    20.4497   -51.7458   282.0000    70.0000     5.6000     0.8000     0.0320     9.6003
    38.1424    36.9945    26.8135    32.0297   -62.6522   282.0000    70.0000     0.8000     3.2000     0.0801    11.0995
    38.1518    36.9387    26.8135     5.4403    32.9741   282.0000    70.0000     4.8000     3.2000     0.0068    12.3405
    38.1611    36.8828    26.8135    36.8935     2.6113   282.0000    70.0000     1.6000     0.8000     0.1537    14.0811
    38.1705    36.8270    26.8135    70.0565   -89.2314   282.0000    70.0000     2.4000     0.8000     0.2189    16.2924
    38.0360    37.7246    31.5120    77.3429   -33.8276   282.0000    70.0000     0.8000     0.8000     0.4834    20.2359
    38.0453    37.6687    31.5120   152.9805     7.6127   282.0000    70.0000     7.2000     0.8000     0.1912    18.0241
    38.0547    37.6129    31.5120   206.0592    -5.5084   282.0000    70.0000     0.8000     1.6000     0.8586    16.2673
    38.0640    37.5570    31.5120   126.0497   -39.0116   282.0000    70.0000     1.6000     0.8000     0.5252    15.3829
    38.0733    37.5012    31.5120   122.3142    29.1377   282.0000    70.0000     2.4000     4.8000     0.1699    14.1945
    38.0827    37.4453    31.5120    44.4789    69.5898   282.0000    70.0000     2.4000     4.8000     0.0618    11.9342
    38.0920    37.3895    31.5120    25.4597    62.8883   282.0000    70.0000     4.8000     0.8000     0.0455    10.6432
    38.1014    37.3336    31.5120     1.5715    46.6549   282.0000    70.0000     4.0000     5.6000     0.0016     9.7712
    38.1107    37.2778    31.5120    50.9587   -68.4286   282.0000    70.0000     0.8000     1.6000     0.2123    10.1686
    38.1201    37.2219    31.5120    79.8629    79.3789   282.0000    70.0000     8.0000     7.2000     0.0525    10.0731
    38.1294    37.1661    31.5120   100.9038    81.0035   282.0000    70.0000     8.0000     7.2000     0.0664     9.2944
    38.1388    37.1103    31.5120    67.6765    65.9210   282.0000    70.0000     8.0000     6.4000     0.0470    10.0104
    38.1481    37.0544    31.5120    36.9211    -0.4758   282.0000    70.0000     3.2000     4.0000     0.0513    10.7762
    38.1575    36.9986    31.5120    90.6819   -85.1202   282.0000    70.0000     0.8000     1.6000     0.3778    12.3405
    38.1668    36.9427    31.5120    97.3160    -4.8030   282.0000    70.0000     0.8000     3.2000     0.2433    13.2565
    38.1762    36.8869    31.5120    87.8405    -2.5285   282.0000    70.0000     4.8000     0.8000     0.1569    14.6866
    38.1855    36.8310    31.5120    54.5976    -3.9714   282.0000    70.0000     8.0000     2.4000     0.0525    16.2024
    38.0510    37.7286    36.2105   105.0484   -17.6847   282.0000    70.0000     7.2000     4.8000     0.0875    21.9413
    38.0603    37.6728    36.2105   144.5447   -19.0441   282.0000    70.0000     6.4000     0.8000     0.2008    19.6066
    38.0697    37.6169    36.2105   149.8648    -8.2351   282.0000    70.0000     0.8000     3.2000     0.3747    17.1370
    38.0790    37.5611    36.2105   145.7204   -16.5759   282.0000    70.0000     2.4000     0.8000     0.4554    15.7500
    38.0884    37.5052    36.2105   137.1655    31.9371   282.0000    70.0000     0.8000     0.8000     0.8573    14.0682
    38.0977    37.4494    36.2105    22.3505    46.1615   282.0000    70.0000     5.6000     5.6000     0.0200    12.7198
    38.1071    37.3935    36.2105     2.5691   -79.4253   282.0000    70.0000     1.6000     0.8000     0.0107    11.9382
    38.1164    37.3377    36.2105    27.7682   -58.9179   282.0000    70.0000     0.8000     3.2000     0.0694    11.5600
    38.1258    37.2818    36.2105    30.7098    -8.4776   282.0000    70.0000     3.2000     7.2000     0.0295    11.8190
    38.1351    37.2260    36.2105    59.8880   -11.7085   282.0000    70.0000     3.2000     1.6000     0.1248    11.9387
    38.1445    37.1702    36.2105    73.1309   -54.6661   282.0000    70.0000     3.2000     2.4000     0.1306    11.9251
    38.1538    37.1143    36.2105    17.2831    79.0739   282.0000    70.0000     7.2000     8.0000     0.0114    12.3646
    38.1632    37.0585    36.2105    55.0190    31.5742   282.0000    70.0000     8.0000     7.2000     0.0362    13.0285
    38.1725    37.0026    36.2105    20.5339   -14.3412   282.0000    70.0000     0.8000     4.8000     0.0367    13.2811
    38.1819    36.9468    36.2105    78.0960   -44.0461   282.0000    70.0000     4.8000     3.2000     0.0976    14.2866
    38.1912    36.8909    36.2105   114.8256   -31.8354   282.0000    70.0000     7.2000     0.8000     0.1435    15.8135
    38.2006    36.8351    36.2105    99.0991   -48.4628   282.0000    70.0000     0.8000     0.8000     0.6194    15.8360
    38.0660    37.7327    40.9089    42.1302   -15.1452   282.0000    70.0000     4.8000     0.8000     0.0752    23.7502
    38.0754    37.6768    40.9089   148.6413   -28.2019   282.0000    70.0000     0.8000     0.8000     0.9290    21.8918
    38.0847    37.6210    40.9089    97.3161   -38.0907   282.0000    70.0000     4.0000     2.4000     0.1521    19.1059
    38.0941    37.5651    40.9089    86.5205   -76.8285   282.0000    70.0000     0.8000     0.8000     0.5408    16.2092
    38.1034    37.5093    40.9089    47.6329   -46.7081   282.0000    70.0000     1.6000     4.0000     0.0851    14.6222
    38.1128    37.4534    40.9089     2.0724   -19.8706   282.0000    70.0000     4.8000     4.0000     0.0024    13.7688
    38.1221    37.3976    40.9089     4.4989   -40.4674   282.0000    70.0000     4.0000     3.2000     0.0062    12.8755
    38.1315    37.3418    40.9089   111.6766   -41.2210   282.0000    70.0000     0.8000     0.8000     0.6980    12.3693
    38.1408    37.2859    40.9089   101.3748   -29.5779   282.0000    70.0000     0.8000     1.6000     0.4224    12.6738
    38.1502    37.2301    40.9089    34.6264   -63.6017   282.0000    70.0000     4.8000     4.8000     0.0361    12.6046
    38.1595    37.1742    40.9089    60.7522   -56.4327   282.0000    70.0000     2.4000     0.8000     0.1899    12.7655
    38.1689    37.1184    40.9089    18.0953    -4.0535   282.0000    70.0000     2.4000     8.0000     0.0174    13.3477
    38.1782    37.0625    40.9089    18.1389    29.6958   282.0000    70.0000     1.6000     4.0000     0.0324    13.9318
    38.1876    37.0067    40.9089    27.7541    -4.0508   282.0000    70.0000     4.0000     4.0000     0.0347    14.2924
    38.1969    36.9508    40.9089    85.3245   -49.6179   282.0000    70.0000     1.6000     0.8000     0.3555    14.8024
    38.2063    36.8950    40.9089   117.9358   -44.5042   282.0000    70.0000     0.8000     1.6000     0.4914    16.6360
    38.2156    36.8391    40.9089   137.3649   -62.6527   282.0000    70.0000     0.8000     2.4000     0.4293    16.9706
#Fault_segment =   2 nx(Along-strike)=   7 Dx=  5.00km ny(downdip)=   9 Dy=  5.00km
#Boundary of Fault_segment     2
#Lon.  Lat.  Depth
       36.83470       38.08370        1.44184
       36.45460       38.02010        1.44184
       36.41890       38.15250       42.78830
       36.79890       38.21600       42.78830
       36.83470       38.08370        1.44184
#Lat. Lon. depth slip rake strike dip t_left t_right    (rise_time=t_left+t_right),sliprate,time
    38.0859    36.8107     3.3212    83.8053    42.6914   258.0000    70.0000     8.0000     5.6000     0.0616    19.9316
    38.0766    36.7548     3.3212    54.4667    31.2376   258.0000    70.0000     7.2000     8.0000     0.0358    20.9912
    38.0672    36.6989     3.3212    38.2384    82.9597   258.0000    70.0000     6.4000     1.6000     0.0478    20.8522
    38.0579    36.6430     3.3212   113.7519   -30.9504   258.0000    70.0000     5.6000     4.0000     0.1185    18.5142
    38.0485    36.5871     3.3212   522.3906   -20.9969   258.0000    70.0000     4.0000     5.6000     0.5442    13.5770
    38.0392    36.5312     3.3212   676.8235   -19.8204   258.0000    70.0000     3.2000     4.8000     0.8460    14.2404
    38.0298    36.4754     3.3212    40.0127    88.2462   258.0000    70.0000     0.8000     4.8000     0.0715    18.5042
    38.1010    36.8066     8.0197    81.6756    34.3509   258.0000    70.0000     8.0000     7.2000     0.0537    19.0707
    38.0916    36.7507     8.0197    25.2326   -29.1383   258.0000    70.0000     3.2000     5.6000     0.0287    20.1370
    38.0823    36.6949     8.0197     1.6889   -42.3796   258.0000    70.0000     5.6000     1.6000     0.0023    19.4033
    38.0729    36.6390     8.0197   164.3379   -20.7953   258.0000    70.0000     1.6000     3.2000     0.3424    17.6696
    38.0636    36.5831     8.0197   870.9203   -16.8243   258.0000    70.0000     0.8000     5.6000     1.3608    12.3361
    38.0542    36.5272     8.0197  1061.8438   -18.8434   258.0000    70.0000     1.6000     6.4000     1.3273    13.8025
    38.0449    36.4713     8.0197   479.8188     4.4766   258.0000    70.0000     1.6000     5.6000     0.6664    19.2690
    38.1160    36.8026    12.7182    24.4299    56.7410   258.0000    70.0000     4.0000     7.2000     0.0218    17.6122
    38.1067    36.7467    12.7182    83.2105   -81.8162   258.0000    70.0000     3.2000     1.6000     0.1734    18.0632
    38.0973    36.6908    12.7182   165.1759   -76.0109   258.0000    70.0000     1.6000     6.4000     0.2065    17.1172
    38.0880    36.6349    12.7182   196.3510   -55.6208   258.0000    70.0000     4.8000     5.6000     0.1888    18.7735
    38.0786    36.5790    12.7182   573.7187   -17.6391   258.0000    70.0000     8.0000     8.0000     0.3586    19.8315
    38.0693    36.5231    12.7182   760.4872   -11.5725   258.0000    70.0000     8.0000     8.0000     0.4753    19.8907
    38.0599    36.4672    12.7182   579.3388     5.6070   258.0000    70.0000     0.8000     5.6000     0.9052    18.3510
    38.1311    36.7985    17.4166    27.0935    76.4268   258.0000    70.0000     7.2000     4.8000     0.0226    16.5500
    38.1217    36.7426    17.4166   149.3465   -40.4295   258.0000    70.0000     8.0000     6.4000     0.1037    15.5656
    38.1124    36.6867    17.4166   519.6489   -30.7419   258.0000    70.0000     0.8000     2.4000     1.6239    11.7909
    38.1030    36.6308    17.4166   304.3773   -38.4226   258.0000    70.0000     6.4000     4.8000     0.2718    18.6234
    38.0937    36.5749    17.4166   383.2421    -5.9975   258.0000    70.0000     8.0000     8.0000     0.2395    24.2613
    38.0843    36.5191    17.4166   495.5269     0.2180   258.0000    70.0000     8.0000     8.0000     0.3097    27.1035
    38.0750    36.4632    17.4166   371.2691    13.2228   258.0000    70.0000     8.0000     8.0000     0.2320    27.9490
    38.1461    36.7944    22.1151    50.5658    80.2976   258.0000    70.0000     4.0000     6.4000     0.0486    17.0705
    38.1368    36.7386    22.1151    38.1007    78.8489   258.0000    70.0000     4.0000     8.0000     0.0318    16.2344
    38.1274    36.6827    22.1151   239.7651   -27.6882   258.0000    70.0000     0.8000     2.4000     0.7493    13.4170
    38.1181    36.6268    22.1151   161.6263   -43.8175   258.0000    70.0000     5.6000     3.2000     0.1837    19.4136
    38.1087    36.5709    22.1151   127.9573    -5.1580   258.0000    70.0000     7.2000     6.4000     0.0941    27.0212
    38.0994    36.5150    22.1151   260.7417    28.9784   258.0000    70.0000     7.2000     5.6000     0.2037    31.4372
    38.0900    36.4591    22.1151   261.3434    39.9585   258.0000    70.0000     7.2000     7.2000     0.1815    34.2602
    38.1611    36.7904    26.8135   170.1443    76.8400   258.0000    70.0000     7.2000     6.4000     0.1251    17.9551
    38.1518    36.7345    26.8135   176.7027    85.4687   258.0000    70.0000     5.6000     2.4000     0.2209    18.2556
    38.1424    36.6786    26.8135   113.1544    65.2250   258.0000    70.0000     5.6000     0.8000     0.1768    18.3848
    38.1331    36.6227    26.8135    39.6044    34.0649   258.0000    70.0000     1.6000     6.4000     0.0495    21.5360
    38.1237    36.5668    26.8135    14.2365   -82.4403   258.0000    70.0000     1.6000     1.6000     0.0445    28.1045
    38.1144    36.5109    26.8135   151.9035    32.3179   258.0000    70.0000     0.8000     4.0000     0.3165    33.2868
    38.1051    36.4550    26.8135   270.6737    48.4691   258.0000    70.0000     8.0000     8.0000     0.1692    36.2802
    38.1762    36.7863    31.5120   136.0848    85.7944   258.0000    70.0000     0.8000     1.6000     0.5670    19.5830
    38.1668    36.7304    31.5120   215.4044    85.6060   258.0000    70.0000     4.8000     3.2000     0.2693    20.8131
    38.1575    36.6745    31.5120   198.3745    74.5299   258.0000    70.0000     5.6000     0.8000     0.3100    21.4817
    38.1481    36.6186    31.5120   172.8548    39.7391   258.0000    70.0000     0.8000     2.4000     0.5402    22.3805
    38.1388    36.5628    31.5120    27.9738   -87.7449   258.0000    70.0000     0.8000     0.8000     0.1748    27.7033
    38.1294    36.5069    31.5120    62.6316    68.9521   258.0000    70.0000     1.6000     7.2000     0.0712    33.0455
    38.1201    36.4510    31.5120   144.5665    66.6061   258.0000    70.0000     5.6000     7.2000     0.1129    36.0036
    38.1912    36.7823    36.2105     7.2633    88.4207   258.0000    70.0000     3.2000     6.4000     0.0076    21.7335
    38.1819    36.7264    36.2105    43.5891    75.9162   258.0000    70.0000     4.8000     4.0000     0.0495    22.8902
    38.1725    36.6705    36.2105    32.7149    38.6160   258.0000    70.0000     7.2000     0.8000     0.0409    24.0942
    38.1632    36.6146    36.2105     9.8739    47.5530   258.0000    70.0000     2.4000     3.2000     0.0176    24.9359
    38.1538    36.5587    36.2105     4.1778    76.9681   258.0000    70.0000     5.6000     3.2000     0.0047    28.4084
    38.1445    36.5028    36.2105    66.7162    75.6296   258.0000    70.0000     4.0000     0.8000     0.1390    33.5059
    38.1351    36.4469    36.2105    88.8316    44.0131   258.0000    70.0000     7.2000     8.0000     0.0584    36.8242
    38.2063    36.7782    40.9089    75.9460   -58.8222   258.0000    70.0000     0.8000     1.6000     0.3164    23.3873
    38.1969    36.7223    40.9089   109.4862   -28.6806   258.0000    70.0000     8.0000     3.2000     0.0978    24.8708
    38.1876    36.6664    40.9089    99.1108   -25.0995   258.0000    70.0000     5.6000     0.8000     0.1549    26.2087
    38.1782    36.6105    40.9089    52.9816   -30.6999   258.0000    70.0000     0.8000     0.8000     0.3311    26.7911
    38.1689    36.5546    40.9089    13.4550    41.4751   258.0000    70.0000     4.8000     6.4000     0.0120    30.4103
    38.1595    36.4987    40.9089    24.3874   -22.2500   258.0000    70.0000     1.6000     0.8000     0.1016    34.2599
    38.1502    36.4428    40.9089     8.8498   -85.8402   258.0000    70.0000     5.6000     7.2000     0.0069    37.1351
#Fault_segment =   3 nx(Along-strike)=   6 Dx=  5.00km ny(downdip)=   9 Dy=  5.00km
#Boundary of Fault_segment     3
#Lon.  Lat.  Depth
       36.55120       38.05590        1.44184
       36.39570       37.82570        1.44184
       36.24400       37.88920       42.78830
       36.39940       38.11950       42.78830
       36.55120       38.05590        1.44184
#Lat. Lon. depth slip rake strike dip t_left t_right    (rise_time=t_left+t_right),sliprate,time
    38.0429    36.5336     3.3212    84.2297   -41.2606   208.0000    70.0000     2.4000     2.4000     0.1755    16.7042
    38.0032    36.5068     3.3212    55.7372   -88.5442   208.0000    70.0000     3.2000     2.4000     0.0995    24.9684
    37.9635    36.4800     3.3212     8.2132    36.2678   208.0000    70.0000     4.0000     4.0000     0.0103    29.6329
    37.9238    36.4531     3.3212     0.6012   -23.3747   208.0000    70.0000     4.8000     4.0000     0.0007    33.4977
    37.8841    36.4263     3.3212    14.6662   -89.3062   208.0000    70.0000     3.2000     6.4000     0.0153    35.7626
    37.8444    36.3995     3.3212     1.9594    62.7513   208.0000    70.0000     4.0000     1.6000     0.0035    37.8278
    38.0502    36.5163     8.0197   241.6973    62.0783   208.0000    70.0000     0.8000     4.0000     0.5035    16.0690
    38.0105    36.4895     8.0197    76.7990    82.9701   208.0000    70.0000     7.2000     0.8000     0.0960    24.7355
    37.9708    36.4627     8.0197   106.0314    88.2351   208.0000    70.0000     8.0000     8.0000     0.0663    29.0021
    37.9311    36.4359     8.0197    31.1671    85.6500   208.0000    70.0000     0.8000     4.0000     0.0649    32.2686
    37.8914    36.4091     8.0197     9.6243    80.6962   208.0000    70.0000     3.2000     7.2000     0.0093    35.1352
    37.8517    36.3823     8.0197     1.7557   -85.3791   208.0000    70.0000     5.6000     8.0000     0.0013    36.8017
    38.0574    36.4991    12.7182   363.3531    38.0914   208.0000    70.0000     0.8000     3.2000     0.9084    19.7510
    38.0177    36.4723    12.7182   129.8857    77.4273   208.0000    70.0000     0.8000     1.6000     0.5412    25.4122
    37.9780    36.4455    12.7182    67.2970    89.8358   208.0000    70.0000     0.8000     0.8000     0.4206    28.0740
    37.9383    36.4187    12.7182     7.3893    12.2290   208.0000    70.0000     7.2000     8.0000     0.0049    31.1363
    37.8986    36.3919    12.7182     2.1888   -80.8768   208.0000    70.0000     4.8000     4.0000     0.0025    34.3992
    37.8589    36.3650    12.7182     0.6219    -3.9111   208.0000    70.0000     0.8000     4.0000     0.0013    36.0624
    38.0646    36.4818    17.4166   241.2148     2.8196   208.0000    70.0000     0.8000     2.4000     0.7538    21.7490
    38.0249    36.4550    17.4166    59.1963    42.6756   208.0000    70.0000     0.8000     1.6000     0.2467    25.7973
    37.9852    36.4282    17.4166    58.2407    72.8161   208.0000    70.0000     0.8000     3.2000     0.1456    28.0478
    37.9455    36.4014    17.4166    80.2893   -69.4961   208.0000    70.0000     1.6000     0.8000     0.3345    30.5002
    37.9058    36.3746    17.4166    38.3288   -83.4546   208.0000    70.0000     8.0000     0.8000     0.0436    33.1541
    37.8661    36.3478    17.4166    21.4433   -89.9232   208.0000    70.0000     6.4000     1.6000     0.0268    35.2094
    38.0718    36.4646    22.1151     0.8592   -10.7897   208.0000    70.0000     8.0000     4.8000     0.0007    24.6602
    38.0321    36.4378    22.1151    16.2866   -27.1382   208.0000    70.0000     2.4000     3.2000     0.0291    27.4887
    37.9924    36.4110    22.1151     9.0717   -24.9680   208.0000    70.0000     3.2000     1.6000     0.0189    29.5217
    37.9527    36.3842    22.1151    61.8153   -86.9144   208.0000    70.0000     0.8000     1.6000     0.2576    31.3586
    37.9130    36.3574    22.1151   119.6183   -87.6005   208.0000    70.0000     4.8000     0.8000     0.2136    32.7986
    37.8733    36.3306    22.1151   123.4172   -87.9780   208.0000    70.0000     4.8000     2.4000     0.1714    34.4414
    38.0790    36.4473    26.8135    25.6771    30.1279   208.0000    70.0000     0.8000     3.2000     0.0642    27.2802
    38.0393    36.4205    26.8135    63.9668   -38.8293   208.0000    70.0000     1.6000     0.8000     0.2665    29.2827
    37.9996    36.3937    26.8135    30.0247   -10.3905   208.0000    70.0000     0.8000     3.2000     0.0751    30.6927
    37.9599    36.3669    26.8135    48.7304   -74.3999   208.0000    70.0000     1.6000     1.6000     0.1523    31.7089
    37.9202    36.3401    26.8135    27.7721   -86.1941   208.0000    70.0000     3.2000     0.8000     0.0694    32.5305
    37.8805    36.3133    26.8135   105.6224   -88.6293   208.0000    70.0000     4.0000     8.0000     0.0880    34.9567
    38.0863    36.4301    31.5120    12.5790    89.5599   208.0000    70.0000     3.2000     0.8000     0.0314    30.6036
    38.0466    36.4033    31.5120     9.3067    -0.1535   208.0000    70.0000     6.4000     8.0000     0.0065    31.3748
    38.0069    36.3765    31.5120     5.8756   -35.4569   208.0000    70.0000     6.4000     6.4000     0.0046    31.7569
    37.9672    36.3497    31.5120    24.4417   -89.9172   208.0000    70.0000     2.4000     7.2000     0.0255    32.1481
    37.9275    36.3229    31.5120    18.4074   -84.5962   208.0000    70.0000     7.2000     1.6000     0.0209    32.9471
    37.8878    36.2961    31.5120    92.5763   -78.0907   208.0000    70.0000     3.2000     0.8000     0.2314    34.7528
    38.0935    36.4129    36.2105     9.1300    62.3257   208.0000    70.0000     3.2000     5.6000     0.0104    33.0242
    38.0538    36.3861    36.2105    12.9048    56.2837   208.0000    70.0000     6.4000     1.6000     0.0161    33.3597
    38.0141    36.3592    36.2105    20.7644   -40.6754   208.0000    70.0000     0.8000     0.8000     0.1298    33.3098
    37.9744    36.3324    36.2105     6.0678    17.5097   208.0000    70.0000     6.4000     4.0000     0.0058    33.4722
    37.9347    36.3056    36.2105    26.2189   -67.0457   208.0000    70.0000     1.6000     0.8000     0.1092    34.4451
    37.8950    36.2788    36.2105    61.9331   -80.8903   208.0000    70.0000     7.2000     0.8000     0.0774    36.0270
    38.1007    36.3956    40.9089     9.5338    55.3248   208.0000    70.0000     8.0000     1.6000     0.0099    34.1351
    38.0610    36.3688    40.9089    79.9766    89.1153   208.0000    70.0000     1.6000     0.8000     0.3332    34.6317
    38.0213    36.3420    40.9089    17.9750    41.2145   208.0000    70.0000     2.4000     0.8000     0.0562    34.3466
    37.9816    36.3152    40.9089    13.9469    43.0872   208.0000    70.0000     0.8000     7.2000     0.0174    35.2770
    37.9419    36.2884    40.9089    25.1025   -86.8443   208.0000    70.0000     6.4000     0.8000     0.0349    36.2207
    37.9022    36.2616    40.9089    71.6604   -70.3155   208.0000    70.0000     1.6000     2.4000     0.1792    38.5760
#Fault_segment =   4 nx(Along-strike)=  18 Dx=  5.00km ny(downdip)=   9 Dy=  5.00km
#Boundary of Fault_segment     4
#Lon.  Lat.  Depth
       38.43250       38.38640        1.44184
       37.58100       37.95050        1.44184
       37.48750       38.06400       42.78830
       38.33900       38.49990       42.78830
       38.43250       38.38640        1.44184
#Lat. Lon. depth slip rake strike dip t_left t_right    (rise_time=t_left+t_right),sliprate,time
    38.3818    38.4091     3.3212   150.3109   -79.3755   237.0000    70.0000     2.4000     6.4000     0.1708    41.3547
    38.3573    38.3613     3.3212   143.7716   -63.5356   237.0000    70.0000     3.2000     5.6000     0.1634    37.6890
    38.3328    38.3134     3.3212    30.6485     3.8578   237.0000    70.0000     0.8000     3.2000     0.0766    35.2233
    38.3083    38.2656     3.3212   218.0397    55.8443   237.0000    70.0000     3.2000     5.6000     0.2478    34.9577
    38.2838    38.2178     3.3212   315.8765     2.4020   237.0000    70.0000     3.2000     3.2000     0.4936    30.0923
    38.2593    38.1699     3.3212   151.5974     1.0570   237.0000    70.0000     5.6000     5.6000     0.1354    31.8269
    38.2349    38.1221     3.3212    47.8169    12.2868   237.0000    70.0000     0.8000     7.2000     0.0598    32.5617
    38.2104    38.0742     3.3212    51.4079    39.5560   237.0000    70.0000     6.4000     4.8000     0.0459    31.2966
    38.1859    38.0264     3.3212    23.0963   -22.1872   237.0000    70.0000     6.4000     2.4000     0.0262    29.0317
    38.1614    37.9786     3.3212    31.1164   -71.0460   237.0000    70.0000     5.6000     4.0000     0.0324    26.3671
    38.1369    37.9307     3.3212    41.1267   -53.2405   237.0000    70.0000     4.8000     1.6000     0.0643    25.1027
    38.1124    37.8829     3.3212    39.3773   -55.4968   237.0000    70.0000     4.8000     1.6000     0.0615    24.0386
    38.0879    37.8350     3.3212    44.3112   -12.2173   237.0000    70.0000     5.6000     4.8000     0.0426    21.9750
    38.0634    37.7872     3.3212    57.4968   -65.4876   237.0000    70.0000     6.4000     4.8000     0.0513    20.3118
    38.0389    37.7394     3.3212    58.0425   -69.5302   237.0000    70.0000     3.2000     2.4000     0.1036    18.4493
    38.0144    37.6915     3.3212     9.2692    22.9284   237.0000    70.0000     4.0000     5.6000     0.0097    17.5877
    37.9900    37.6437     3.3212    61.8426   -37.0589   237.0000    70.0000     4.8000     2.4000     0.0859    16.5271
    37.9655    37.5959     3.3212   112.3014   -18.6976   237.0000    70.0000     3.2000     3.2000     0.1755    15.2682
    38.3947    38.3985     8.0197   145.6761   -11.6935   237.0000    70.0000     3.2000     1.6000     0.3035    41.7347
    38.3702    38.3506     8.0197   296.1673    -7.2193   237.0000    70.0000     0.8000     5.6000     0.4628    38.4680
    38.3457    38.3028     8.0197    68.2784   -39.7112   237.0000    70.0000     0.8000     8.0000     0.0776    36.6013
    38.3212    38.2550     8.0197    61.1656    70.5240   237.0000    70.0000     6.4000     4.8000     0.0546    37.7350
    38.2967    38.2071     8.0197    73.3940   -29.3628   237.0000    70.0000     3.2000     0.8000     0.1835    35.8683
    38.2722    38.1593     8.0197    75.7462    -1.2307   237.0000    70.0000     1.6000     3.2000     0.1578    35.6017
    38.2478    38.1115     8.0197    56.1560   -24.6657   237.0000    70.0000     4.8000     0.8000     0.1003    33.9351
    38.2233    38.0636     8.0197    29.8496   -18.6219   237.0000    70.0000     8.0000     0.8000     0.0339    31.8685
    38.1988    38.0158     8.0197    93.5934   -82.4180   237.0000    70.0000     8.0000     1.6000     0.0975    29.8020
    38.1743    37.9679     8.0197   111.8257   -83.2674   237.0000    70.0000     2.4000     3.2000     0.1997    26.3354
    38.1498    37.9201     8.0197    78.8983   -67.6953   237.0000    70.0000     4.8000     1.6000     0.1233    24.8689
    38.1253    37.8723     8.0197    68.3432   -31.8166   237.0000    70.0000     3.2000     0.8000     0.1709    23.0024
    38.1008    37.8244     8.0197    34.9027     8.3199   237.0000    70.0000     2.4000     5.6000     0.0436    21.9359
    38.0763    37.7766     8.0197    43.0089   -24.4284   237.0000    70.0000     6.4000     5.6000     0.0358    20.0695
    38.0518    37.7287     8.0197     9.2732    15.1566   237.0000    70.0000     6.4000     5.6000     0.0077    18.8031
    38.0273    37.6809     8.0197    30.7720   -55.8076   237.0000    70.0000     3.2000     4.0000     0.0427    18.1367
    38.0029    37.6331     8.0197    27.6273    22.8373   237.0000    70.0000     3.2000     5.6000     0.0314    16.8705
    37.9784    37.5852     8.0197    35.4482     2.5221   237.0000    70.0000     4.0000     5.6000     0.0369    15.0043
    38.4076    38.3879    12.7182   107.6233    -8.7056   237.0000    70.0000     1.6000     3.2000     0.2242    42.5817
    38.3831    38.3400    12.7182   171.3575    35.2929   237.0000    70.0000     4.0000     2.4000     0.2677    40.1170
    38.3586    38.2922    12.7182    42.6401    -1.5245   237.0000    70.0000     4.8000     6.4000     0.0381    40.2527
    38.3341    38.2443    12.7182    75.0412   -49.5287   237.0000    70.0000     4.8000     4.0000     0.0853    41.1883
    38.3096    38.1965    12.7182    52.9957   -68.2537   237.0000    70.0000     7.2000     2.4000     0.0552    40.3243
    38.2851    38.1487    12.7182    25.5014   -16.2010   237.0000    70.0000     7.2000     4.8000     0.0213    38.4605
    38.2607    38.1008    12.7182     7.7904   -65.9669   237.0000    70.0000     7.2000     0.8000     0.0097    35.9971
    38.2362    38.0530    12.7182    60.0737   -51.4293   237.0000    70.0000     0.8000     0.8000     0.3755    32.7340
    38.2117    38.0051    12.7182    82.7727   -65.6267   237.0000    70.0000     0.8000     6.4000     0.1150    30.0713
    38.1872    37.9573    12.7182    86.4377   -31.7907   237.0000    70.0000     7.2000     8.0000     0.0569    26.8092
    38.1627    37.9095    12.7182   144.9494    -2.3543   237.0000    70.0000     0.8000     1.6000     0.6040    23.7476
    38.1382    37.8616    12.7182   199.0291     2.2312   237.0000    70.0000     0.8000     1.6000     0.8293    22.0868
    38.1137    37.8138    12.7182   108.8405    24.9713   237.0000    70.0000     0.8000     2.4000     0.3401    21.6269
    38.0892    37.7660    12.7182    63.4110    61.1563   237.0000    70.0000     4.8000     2.4000     0.0881    20.3681
    38.0647    37.7181    12.7182    34.2141    75.6842   237.0000    70.0000     6.4000     4.0000     0.0329    19.5108
    38.0402    37.6703    12.7182    85.4444   -33.0889   237.0000    70.0000     0.8000     1.6000     0.3560    19.0553
    38.0158    37.6224    12.7182    65.4816   -38.6796   237.0000    70.0000     6.4000     0.8000     0.0909    17.6024
    37.9913    37.5746    12.7182    45.3671    -3.2877   237.0000    70.0000     6.4000     3.2000     0.0473    15.7529
    38.4205    38.3772    17.4166    97.9973    60.9898   237.0000    70.0000     0.8000     1.6000     0.4083    44.8957
    38.3960    38.3294    17.4166   116.7700    64.9078   237.0000    70.0000     0.8000     3.2000     0.2919    44.0357
    38.3715    38.2816    17.4166    39.0339   -31.1783   237.0000    70.0000     6.4000     3.2000     0.0407    44.5763
    38.3470    38.2337    17.4166   160.2330     0.7789   237.0000    70.0000     8.0000     7.2000     0.1054    45.1180
    38.3225    38.1859    17.4166   166.5001     7.2726   237.0000    70.0000     7.2000     6.4000     0.1224    44.4600
    38.2980    38.1380    17.4166    44.4586    35.4952   237.0000    70.0000     4.8000     8.0000     0.0347    42.2031
    38.2736    38.0902    17.4166    25.1989   -23.6885   237.0000    70.0000     2.4000     3.2000     0.0450    38.7471
    38.2491    38.0424    17.4166    59.0504   -15.1518   237.0000    70.0000     4.0000     5.6000     0.0615    34.8924
    38.2246    37.9945    17.4166    86.2387   -26.5538   237.0000    70.0000     7.2000     6.4000     0.0634    31.6391
    38.2001    37.9467    17.4166   114.0254   -81.5593   237.0000    70.0000     0.8000     2.4000     0.3563    28.1874
    38.1756    37.8988    17.4166    99.3091   -23.9954   237.0000    70.0000     0.8000     0.8000     0.6207    25.1377
    38.1511    37.8510    17.4166   132.3042    34.4523   237.0000    70.0000     1.6000     1.6000     0.4135    23.2904
    38.1266    37.8032    17.4166   110.7839    84.1143   237.0000    70.0000     3.2000     1.6000     0.2308    22.4461
    38.1021    37.7553    17.4166    65.2547    86.7133   237.0000    70.0000     0.8000     0.8000     0.4078    21.6056
    38.0776    37.7075    17.4166    10.0709   -25.3480   237.0000    70.0000     3.2000     4.8000     0.0126    21.7697
    38.0531    37.6597    17.4166    84.1302   -53.2257   237.0000    70.0000     4.0000     0.8000     0.1753    20.7398
    38.0287    37.6118    17.4166    88.4025   -19.9044   237.0000    70.0000     0.8000     5.6000     0.1381    18.7181
    38.0042    37.5640    17.4166    18.7614    17.9869   237.0000    70.0000     6.4000     0.8000     0.0261    16.9072
    38.4334    38.3666    22.1151   172.3376    63.3908   237.0000    70.0000     7.2000     4.0000     0.1539    48.0760
    38.4089    38.3188    22.1151    97.0094    59.4191   237.0000    70.0000     3.2000     3.2000     0.1516    47.8237
    38.3844    38.2709    22.1151    42.0057    33.3773   237.0000    70.0000     7.2000     5.6000     0.0328    48.1723
    38.3599    38.2231    22.1151   108.7887    -5.1416   237.0000    70.0000     8.0000     8.0000     0.0680    48.3227
    38.3354    38.1753    22.1151   159.8356    -9.6500   237.0000    70.0000     7.2000     8.0000     0.1052    47.6747
    38.3109    38.1274    22.1151    93.3974    -2.3710   237.0000    70.0000     8.0000     3.2000     0.0834    45.0283
    38.2865    38.0796    22.1151    41.5083    -4.7394   237.0000    70.0000     6.4000     8.0000     0.0288    41.7840
    38.2620    38.0317    22.1151    90.5836   -39.8131   237.0000    70.0000     8.0000     4.0000     0.0755    37.5423
    38.2375    37.9839    22.1151   112.1703   -29.7432   237.0000    70.0000     6.4000     2.4000     0.1275    33.5034
    38.2130    37.9361    22.1151    98.8002   -64.4603   237.0000    70.0000     0.8000     3.2000     0.2470    30.0680
    38.1885    37.8882    22.1151    47.6401   -29.3738   237.0000    70.0000     8.0000     6.4000     0.0331    27.6367
    38.1640    37.8404    22.1151   141.7995    68.7690   237.0000    70.0000     1.6000     1.6000     0.4431    25.2103
    38.1395    37.7925    22.1151   114.1717    88.5683   237.0000    70.0000     0.8000     0.8000     0.7136    23.7899
    38.1150    37.7447    22.1151    54.8793    84.6235   237.0000    70.0000     7.2000     7.2000     0.0381    23.5770
    38.0905    37.6969    22.1151    27.7326     8.3883   237.0000    70.0000     3.2000     2.4000     0.0495    23.9735
    38.0660    37.6490    22.1151    45.9037   -29.4803   237.0000    70.0000     1.6000     5.6000     0.0638    22.7820
    38.0415    37.6012    22.1151    55.5442     4.0256   237.0000    70.0000     4.0000     2.4000     0.0868    20.6063
    38.0171    37.5533    22.1151     6.6099    -1.3624   237.0000    70.0000     0.8000     0.8000     0.0413    18.6515
    38.4463    38.3560    26.8135   183.2631    61.6199   237.0000    70.0000     8.0000     8.0000     0.1145    50.5220
    38.4218    38.3081    26.8135   137.1798    79.8309   237.0000    70.0000     0.8000     7.2000     0.1715    50.4797
    38.3973    38.2603    26.8135    35.4163     8.8067   237.0000    70.0000     6.4000     5.6000     0.0295    50.6393
    38.3728    38.2125    26.8135   101.0645   -21.6173   237.0000    70.0000     3.2000     7.2000     0.0972    50.4017
    38.3483    38.1646    26.8135   138.9865    -4.9039   237.0000    70.0000     1.6000     2.4000     0.3475    49.7663
    38.3238    38.1168    26.8135   132.7266   -16.6162   237.0000    70.0000     4.0000     7.2000     0.1185    47.5343
    38.2994    38.0689    26.8135   130.3026    -9.2972   237.0000    70.0000     7.2000     5.6000     0.1018    43.5057
    38.2749    38.0211    26.8135   101.5674   -14.3599   237.0000    70.0000     4.8000     7.2000     0.0846    39.4813
    38.2504    37.9733    26.8135    96.2684   -25.8593   237.0000    70.0000     8.0000     6.4000     0.0669    35.2617
    38.2259    37.9254    26.8135    55.7674   -25.1008   237.0000    70.0000     7.2000     4.8000     0.0465    32.6478
    38.2014    37.8776    26.8135    21.3364   -24.2479   237.0000    70.0000     1.6000     6.4000     0.0267    29.6407
    38.1769    37.8298    26.8135     1.4727   -85.9942   237.0000    70.0000     2.4000     6.4000     0.0017    27.8416
    38.1524    37.7819    26.8135     4.4165    36.7368   237.0000    70.0000     7.2000     3.2000     0.0042    25.6524
    38.1279    37.7341    26.8135     0.1445   -39.4792   237.0000    70.0000     0.8000     8.0000     0.0002    25.8753
    38.1034    37.6862    26.8135    34.0901    47.6139   237.0000    70.0000     4.0000     7.2000     0.0304    25.9132
    38.0789    37.6384    26.8135    97.1550    69.4395   237.0000    70.0000     1.6000     0.8000     0.4048    25.5701
    38.0544    37.5906    26.8135   100.0860    46.3185   237.0000    70.0000     1.6000     0.8000     0.4170    22.4515
    38.0300    37.5427    26.8135    32.6325    65.0847   237.0000    70.0000     2.4000     4.0000     0.0510    20.5648
    38.4592    38.3454    31.5120   158.7036    63.0734   237.0000    70.0000     8.0000     4.0000     0.1323    51.8320
    38.4347    38.2975    31.5120   148.7231    46.7270   237.0000    70.0000     4.8000     7.2000     0.1239    51.2023
    38.4102    38.2497    31.5120     3.6165    11.9094   237.0000    70.0000     4.8000     5.6000     0.0035    51.1757
    38.3857    38.2018    31.5120    56.0228   -43.1470   237.0000    70.0000     8.0000     4.8000     0.0438    51.1527
    38.3612    38.1540    31.5120   138.1282   -34.1245   237.0000    70.0000     8.0000     7.2000     0.0909    50.7337
    38.3367    38.1062    31.5120   147.2155   -28.2748   237.0000    70.0000     7.2000     4.8000     0.1227    48.7190
    38.3122    38.0583    31.5120   147.2921   -21.6964   237.0000    70.0000     3.2000     0.8000     0.3682    44.9098
    38.2878    38.0105    31.5120    84.9092   -11.1895   237.0000    70.0000     1.6000     4.0000     0.1516    41.3067
    38.2633    37.9626    31.5120    58.8153   -11.0691   237.0000    70.0000     7.2000     0.8000     0.0735    37.7106
    38.2388    37.9148    31.5120    51.2568     5.1841   237.0000    70.0000     2.4000     6.4000     0.0582    34.1228
    38.2143    37.8670    31.5120    45.2341   -14.8978   237.0000    70.0000     4.8000     4.8000     0.0471    31.5449
    38.1898    37.8191    31.5120    73.6434   -82.0393   237.0000    70.0000     1.6000     0.8000     0.3068    29.7787
    38.1653    37.7713    31.5120    40.1854   -87.5250   237.0000    70.0000     1.6000     4.0000     0.0718    28.4266
    38.1408    37.7235    31.5120     9.8732    39.5547   237.0000    70.0000     8.0000     3.2000     0.0088    27.8916
    38.1163    37.6756    31.5120     6.8759    44.9775   237.0000    70.0000     8.0000     5.6000     0.0051    27.3778
    38.0918    37.6278    31.5120     5.0808   -68.0518   237.0000    70.0000     6.4000     1.6000     0.0064    25.8902
    38.0673    37.5799    31.5120    37.5175    76.9204   237.0000    70.0000     4.8000     2.4000     0.0521    23.0359
    38.0429    37.5321    31.5120    38.5401    18.3563   237.0000    70.0000     7.2000     7.2000     0.0268    21.0241
    38.4721    38.3347    36.2105   129.4945    63.5656   237.0000    70.0000     7.2000     6.4000     0.0952    51.6053
    38.4476    38.2869    36.2105    87.8950    47.3363   237.0000    70.0000     8.0000     1.6000     0.0916    50.3907
    38.4231    38.2391    36.2105     1.1627   -37.7679   237.0000    70.0000     0.8000     0.8000     0.0073    50.7800
    38.3986    38.1912    36.2105     8.9550   -62.0634   237.0000    70.0000     3.2000     1.6000     0.0187    50.9743
    38.3741    38.1434    36.2105   139.0436   -66.4381   237.0000    70.0000     6.4000     8.0000     0.0966    50.7740
    38.3496    38.0955    36.2105   135.3156   -52.4225   237.0000    70.0000     8.0000     6.4000     0.0940    49.3800
    38.3251    38.0477    36.2105   174.0694   -68.5426   237.0000    70.0000     1.6000     7.2000     0.1978    46.5933
    38.3007    37.9999    36.2105    73.8459   -41.3297   237.0000    70.0000     1.6000     4.8000     0.1154    43.8148
    38.2762    37.9520    36.2105    32.1397   -10.9324   237.0000    70.0000     3.2000     3.2000     0.0502    40.2459
    38.2517    37.9042    36.2105    22.0967   -48.1220   237.0000    70.0000     5.6000     1.6000     0.0307    36.8882
    38.2272    37.8563    36.2105    12.2121    73.3074   237.0000    70.0000     3.2000     4.0000     0.0170    33.7436
    38.2027    37.8085    36.2105    21.7638   -43.2092   237.0000    70.0000     0.8000     0.8000     0.1360    31.4146
    38.1782    37.7607    36.2105    43.9254   -69.5147   237.0000    70.0000     8.0000     7.2000     0.0289    29.7042
    38.1537    37.7128    36.2105     5.7854    -4.5957   237.0000    70.0000     8.0000     4.0000     0.0048    28.8161
    38.1292    37.6650    36.2105    61.1058    84.3314   237.0000    70.0000     1.6000     4.0000     0.1091    27.7552
    38.1047    37.6171    36.2105    11.4014    59.3550   237.0000    70.0000     2.4000     1.6000     0.0285    26.1276
    38.0802    37.5693    36.2105     2.6533   -23.4600   237.0000    70.0000     5.6000     2.4000     0.0033    23.3413
    38.0558    37.5215    36.2105    44.5530   -88.6614   237.0000    70.0000     0.8000     0.8000     0.2785    21.4066
    38.4850    38.3241    40.9089    40.6736    39.0558   237.0000    70.0000     7.2000     7.2000     0.0282    50.6400
    38.4605    38.2763    40.9089    36.2104    25.8143   237.0000    70.0000     8.0000     8.0000     0.0226    50.2420
    38.4360    38.2284    40.9089     3.4677   -84.9254   237.0000    70.0000     2.4000     1.6000     0.0087    50.8497
    38.4115    38.1806    40.9089     4.3221   -88.2951   237.0000    70.0000     3.2000     0.8000     0.0108    51.2637
    38.3870    38.1327    40.9089    53.6919   -74.3302   237.0000    70.0000     5.6000     6.4000     0.0447    51.2850
    38.3625    38.0849    40.9089    67.4401   -55.7473   237.0000    70.0000     0.8000     2.4000     0.2108    49.3140
    38.3380    38.0371    40.9089   108.9148   -60.5554   237.0000    70.0000     8.0000     4.8000     0.0851    47.3527
    38.3136    37.9892    40.9089    17.7658   -13.6373   237.0000    70.0000     2.4000     7.2000     0.0185    45.2017
    38.2891    37.9414    40.9089     2.9614   -49.9501   237.0000    70.0000     5.6000     5.6000     0.0026    41.4631
    38.2646    37.8936    40.9089    43.4281   -69.1684   237.0000    70.0000     1.6000     2.4000     0.1086    38.3386
    38.2401    37.8457    40.9089     0.1890   -11.4064   237.0000    70.0000     4.0000     1.6000     0.0003    35.2307
    38.2156    37.7979    40.9089    13.8510    39.5829   237.0000    70.0000     6.4000     6.4000     0.0108    32.3422
    38.1911    37.7500    40.9089    40.8255   -34.1887   237.0000    70.0000     5.6000     1.6000     0.0567    30.6767
    38.1666    37.7022    40.9089     7.4418    53.2849   237.0000    70.0000     0.8000     0.8000     0.0465    29.6386
    38.1421    37.6544    40.9089   101.9088    87.2631   237.0000    70.0000     1.6000     1.6000     0.3185    28.0333
    38.1176    37.6065    40.9089    15.0520    47.6691   237.0000    70.0000     0.8000     8.0000     0.0171    25.8677
    38.0931    37.5587    40.9089    55.8009   -74.9964   237.0000    70.0000     0.8000     0.8000     0.3488    23.3502
    38.0687    37.5108    40.9089   106.8767   -89.9322   237.0000    70.0000     1.6000     1.6000     0.3340    22.0918
#Fault_segment =   5 nx(Along-strike)=   7 Dx=  5.00km ny(downdip)=   9 Dy=  5.00km
#Boundary of Fault_segment     5
#Lon.  Lat.  Depth
       36.68990       38.07750        1.44184
       36.71030       37.77220        1.44184
       36.53850       37.76510       42.78830
       36.51810       38.07040       42.78830
       36.68990       38.07750        1.44184
#Lat. Lon. depth slip rake strike dip t_left t_right    (rise_time=t_left+t_right),sliprate,time
    38.0592    36.6833     3.3212   223.5730    38.6360   177.0000    70.0000     4.8000     4.8000     0.2329    15.7912
    38.0143    36.6863     3.3212   271.5217    45.5072   177.0000    70.0000     4.0000     3.2000     0.3771    17.2522
    37.9694    36.6893     3.3212   213.0930    50.8672   177.0000    70.0000     3.2000     4.0000     0.2960    18.7142
    37.9245    36.6923     3.3212    72.1478    39.6456   177.0000    70.0000     4.8000     5.6000     0.0694    21.1770
    37.8796    36.6953     3.3212     2.5049   -51.8237   177.0000    70.0000     5.6000     5.6000     0.0022    23.6404
    37.8347    36.6983     3.3212     2.4735   -79.3620   177.0000    70.0000     8.0000     0.8000     0.0028    26.3042
    37.7898    36.7013     3.3212    81.5718    86.6003   177.0000    70.0000     2.4000     4.8000     0.1133    28.9684
    38.0584    36.6638     8.0197   332.0807    17.6288   177.0000    70.0000     2.4000     7.2000     0.3459    16.9370
    38.0135    36.6668     8.0197   277.3429     8.6874   177.0000    70.0000     4.0000     5.6000     0.2889    17.8033
    37.9686    36.6698     8.0197   179.3287    31.7885   177.0000    70.0000     6.4000     2.4000     0.2038    19.2696
    37.9237    36.6728     8.0197   128.1061    31.5037   177.0000    70.0000     4.8000     2.4000     0.1779    21.3361
    37.8788    36.6758     8.0197    96.3437     5.4391   177.0000    70.0000     2.4000     2.4000     0.2007    23.4025
    37.8339    36.6788     8.0197   104.9936     9.5560   177.0000    70.0000     2.4000     1.6000     0.2625    26.0690
    37.7890    36.6818     8.0197    66.6507    85.1147   177.0000    70.0000     2.4000     0.8000     0.2083    28.3355
    38.0576    36.6443    12.7182   274.7978    15.5262   177.0000    70.0000     0.8000     3.2000     0.6870    15.6632
    38.0127    36.6473    12.7182   261.5308   -39.5326   177.0000    70.0000     4.0000     0.8000     0.5449    17.5172
    37.9678    36.6503    12.7182    67.4502   -44.2300   177.0000    70.0000     5.6000     8.0000     0.0496    19.1735
    37.9229    36.6533    12.7182    42.8660    53.9693   177.0000    70.0000     3.2000     0.8000     0.1072    22.0315
    37.8780    36.6562    12.7182    58.6580    81.3460   177.0000    70.0000     1.6000     2.4000     0.1466    24.0907
    37.8331    36.6592    12.7182    65.8513    67.3754   177.0000    70.0000     6.4000     1.6000     0.0823    26.1510
    37.7882    36.6622    12.7182    98.4268    80.4735   177.0000    70.0000     4.0000     6.4000     0.0946    28.6122
    38.0568    36.6248    17.4166   133.8321     5.9605   177.0000    70.0000     6.4000     5.6000     0.1115    16.3656
    38.0119    36.6277    17.4166    95.9746    31.0186   177.0000    70.0000     0.8000     0.8000     0.5998    17.5909
    37.9670    36.6307    17.4166   194.7757   -86.5046   177.0000    70.0000     3.2000     0.8000     0.4869    19.0234
    37.9221    36.6337    17.4166    90.8374   -67.9564   177.0000    70.0000     1.6000     0.8000     0.3785    22.0613
    37.8772    36.6367    17.4166     0.9750    84.4107   177.0000    70.0000     0.8000     3.2000     0.0024    24.7035
    37.8323    36.6397    17.4166   132.2609    73.7787   177.0000    70.0000     8.0000     1.6000     0.1378    26.5490
    37.7874    36.6427    17.4166   114.1035    81.0338   177.0000    70.0000     7.2000     2.4000     0.1189    28.3973
    38.0560    36.6052    22.1151    55.6542    72.0088   177.0000    70.0000     3.2000     4.8000     0.0696    18.8344
    38.0111    36.6082    22.1151    29.4012   -16.3212   177.0000    70.0000     7.2000     0.8000     0.0368    19.2170
    37.9662    36.6112    22.1151   151.8514   -80.1070   177.0000    70.0000     0.8000     3.2000     0.3796    20.2136
    37.9213    36.6142    22.1151   154.8663   -51.6087   177.0000    70.0000     7.2000     1.6000     0.1760    23.2212
    37.8764    36.6172    22.1151   101.5598   -44.0227   177.0000    70.0000     2.4000     0.8000     0.3174    25.6372
    37.8315    36.6202    22.1151     3.8433   -72.9207   177.0000    70.0000     0.8000     8.0000     0.0044    27.4602
    37.7866    36.6232    22.1151    17.1581    27.3150   177.0000    70.0000     0.8000     7.2000     0.0214    29.4887
    38.0552    36.5857    26.8135   154.9689    77.9907   177.0000    70.0000     2.4000     1.6000     0.3874    20.2556
    38.0103    36.5887    26.8135     0.2086    47.1266   177.0000    70.0000     3.2000     0.8000     0.0005    20.9848
    37.9654    36.5917    26.8135    54.4700   -33.0776   177.0000    70.0000     0.8000     8.0000     0.0619    21.7360
    37.9205    36.5947    26.8135    78.2465     2.8095   177.0000    70.0000     1.6000     0.8000     0.3260    23.9045
    37.8756    36.5977    26.8135   157.0428   -18.7815   177.0000    70.0000     4.0000     1.6000     0.2804    27.2868
    37.8307    36.6007    26.8135    88.2144   -36.3527   177.0000    70.0000     2.4000     0.8000     0.2757    29.6802
    37.7858    36.6037    26.8135    34.7524    50.8027   177.0000    70.0000     4.0000     4.0000     0.0434    31.2827
    38.0544    36.5662    31.5120   159.1023    63.2154   177.0000    70.0000     3.2000     0.8000     0.3978    20.6131
    38.0095    36.5692    31.5120   122.3691   -89.0128   177.0000    70.0000     0.8000     2.4000     0.3824    20.8817
    37.9646    36.5722    31.5120    52.9360   -72.0785   177.0000    70.0000     3.2000     7.2000     0.0509    22.7805
    37.9197    36.5752    31.5120    33.8182    16.2027   177.0000    70.0000     1.6000     1.6000     0.1057    24.7033
    37.8748    36.5781    31.5120   102.7409     0.0441   177.0000    70.0000     0.8000     2.4000     0.3211    27.8455
    37.8299    36.5811    31.5120    55.5597   -56.0155   177.0000    70.0000     5.6000     0.8000     0.0868    30.0036
    37.7850    36.5841    31.5120     9.5936   -83.6643   177.0000    70.0000     6.4000     6.4000     0.0075    31.9748
    38.0536    36.5467    36.2105   142.3379     6.1747   177.0000    70.0000     3.2000     1.6000     0.2965    21.4902
    38.0087    36.5497    36.2105   112.2126   -84.1291   177.0000    70.0000     0.8000     2.4000     0.3507    21.4942
    37.9638    36.5526    36.2105    39.6920    40.9729   177.0000    70.0000     0.8000     0.8000     0.2481    23.3359
    37.9189    36.5556    36.2105    64.9448    79.8990   177.0000    70.0000     0.8000     4.8000     0.1160    25.6084
    37.8740    36.5586    36.2105    59.3006    42.5927   177.0000    70.0000     0.8000     5.6000     0.0927    28.7059
    37.8291    36.5616    36.2105    16.6823   -41.1308   177.0000    70.0000     4.0000     6.4000     0.0160    30.4242
    37.7842    36.5646    36.2105     9.8422    79.6340   177.0000    70.0000     0.8000     0.8000     0.0615    31.5597
    38.0528    36.5271    40.9089   131.9029    -2.7016   177.0000    70.0000     3.2000     0.8000     0.3298    22.2708
    38.0079    36.5301    40.9089    48.8762     5.5010   177.0000    70.0000     3.2000     8.0000     0.0436    22.8087
    37.9630    36.5331    40.9089    82.4790    89.5249   177.0000    70.0000     2.4000     1.6000     0.2062    24.3911
    37.9181    36.5361    40.9089    48.8592    88.9060   177.0000    70.0000     4.0000     7.2000     0.0436    26.8103
    37.8732    36.5391    40.9089    35.6251    38.4391   177.0000    70.0000     0.8000     0.8000     0.2227    29.6599
    37.8283    36.5421    40.9089    36.0948   -66.8171   177.0000    70.0000     0.8000     2.4000     0.1128    30.5351
    37.7834    36.5451    40.9089    58.7584   -44.8707   177.0000    70.0000     0.8000     0.8000     0.3672    31.4317
